120 50
-999 -999 -999 -999 -999 -999 -999 -999 -999 -999 -999 -999 -999 -999 -999 -999 -999 -999 -999 -999 -999 -999 -999 -999 -999 -999 -999 -999 -999 -999 -999 -999 -999 -999 -999 -999 -999 -999 -999 -999 -999 -999 -999 -999 -999 -999 -999 -999 -999 -999 -999 -999 -999 -999 -999 -999 -999 -999 -999 -999 -999 -999 -999 -999 -999 -999 -999 -999 -999 -999 -999 -999 -999 -999 -999 -999 -999 0.81 0.85 1.14 1.39 1.58 1.78 2.02 1.79 1.61 -999 -999 -999 -999 1.52 -999 1.67 1.77 1.89 1.99 -999 -999 -999 -999 -999 -999 -999 -999 -999 -999 -999 -999 -999 -999 -999 -999 -999 -999 -999 -999 -999 -999 -999 -999
-999 -999 -999 -999 -999 -999 -999 -999 -999 -999 -999 -999 -999 -999 -999 -999 -999 -999 -999 -999 -999 -999 -999 -999 -999 -999 -999 -999 -999 -999 -999 -999 -999 -999 -999 -999 -999 -999 -999 -999 -999 -999 -999 -999 -999 -999 -999 -999 -999 -999 -999 -999 -999 -999 -999 -999 -999 -999 -999 -999 -999 -999 -999 -999 -999 -999 -999 -999 -999 -999 -999 -999 -999 -999 -999 -999 -999 0.72 0.71 1.07 1.36 1.54 1.68 1.77 1.56 1.33 1.40 1.53 1.58 1.56 1.51 1.54 1.60 1.71 1.86 2.02 2.17 2.24 -999 -999 -999 -999 -999 -999 -999 -999 -999 -999 -999 -999 -999 -999 -999 -999 -999 -999 -999 -999 -999 -999
-999 -999 -999 -999 -999 -999 -999 -999 -999 -999 -999 -999 -999 -999 -999 -999 -999 -999 -999 -999 -999 -999 -999 -999 -999 -999 -999 -999 -999 -999 -999 -999 -999 -999 -999 -999 -999 -999 -999 -999 -999 -999 -999 -999 -999 -999 -999 -999 -999 -999 -999 -999 -999 -999 -999 -999 -999 -999 -999 -999 -999 -999 -999 -999 -999 -999 -999 -999 -999 -999 -999 -999 -999 -999 -999 -999 1.21 0.99 0.91 1.16 1.38 1.52 1.59 1.55 1.27 0.99 1.25 1.50 1.58 1.56 1.49 1.40 1.37 1.54 1.80 2.05 2.22 2.31 -999 -999 -999 -999 -999 -999 -999 -999 -999 2.91 -999 -999 -999 -999 -999 -999 -999 -999 -999 -999 -999 -999
-999 -999 -999 -999 -999 -999 -999 -999 -999 -999 -999 -999 -999 -999 -999 -999 -999 -999 -999 -999 -999 -999 -999 -999 -999 -999 -999 -999 -999 -999 -999 -999 -999 -999 -999 -999 -999 -999 -999 -999 -999 -999 -999 -999 -999 -999 -999 -999 -999 -999 -999 -999 -999 -999 -999 -999 -999 -999 -999 -999 -999 -999 -999 -999 -999 -999 -999 -999 -999 -999 -999 -999 -999 -999 -999 -999 1.32 1.21 1.19 1.30 1.45 1.56 1.60 1.55 1.38 1.25 1.39 1.54 1.60 1.55 1.35 0.94 0.70 1.19 1.73 2.11 2.31 2.37 2.40 -999 -999 2.57 2.65 2.70 2.78 2.86 2.90 2.92 3.00 -999 -999 -999 -999 -999 -999 -999 -999 -999 -999 -999
-999 -999 -999 -999 -999 -999 -999 -999 -999 -999 -999 -999 -999 -999 -999 -999 -999 -999 -999 -999 -999 -999 -999 -999 -999 -999 -999 -999 -999 -999 -999 -999 -999 -999 -999 -999 -999 -999 -999 -999 -999 -999 -999 -999 -999 -999 -999 -999 -999 -999 -999 -999 -999 -999 -999 -999 -999 -999 -999 -999 -999 -999 -999 -999 -999 -999 -999 -999 -999 -999 -999 -999 -999 -999 -999 1.65 1.40 1.25 1.24 1.35 1.52 1.70 1.72 1.63 1.57 1.55 1.58 1.63 1.64 1.57 1.28 0.53 -0.02 0.93 1.71 2.19 2.45 2.40 2.41 2.49 2.58 2.59 2.67 2.74 2.79 2.87 2.90 2.99 3.15 3.14 -999 -999 -999 -999 -999 -999 -999 -999 -999 -999
-999 -999 -999 -999 -999 -999 -999 -999 -999 -999 -999 -999 -999 -999 -999 -999 -999 -999 -999 -999 -999 -999 -999 -999 -999 -999 -999 -999 -999 -999 -999 -999 -999 -999 -999 -999 -999 -999 -999 -999 -999 -999 -999 -999 -999 -999 -999 -999 -999 -999 -999 -999 -999 -999 -999 -999 -999 -999 -999 -999 -999 -999 -999 -999 -999 -999 -999 -999 -999 -999 -999 1.26 1.39 1.49 1.84 1.72 1.33 1.12 1.11 1.26 1.50 1.78 1.79 1.67 1.66 1.67 1.69 1.71 1.71 1.66 1.46 1.08 0.87 1.33 1.81 2.17 2.38 2.38 2.42 2.51 2.58 2.60 2.72 2.79 2.80 2.86 2.93 3.03 3.15 3.19 3.25 3.32 3.38 -999 -999 -999 -999 -999 -999 -999
-999 -999 -999 -999 -999 -999 -999 -999 -999 -999 -999 -999 -999 -999 -999 -999 -999 -999 -999 -999 -999 -999 -999 -999 -999 -999 -999 -999 -999 -999 -999 -999 -999 -999 -999 -999 -999 -999 -999 -999 -999 -999 -999 -999 -999 -999 -999 -999 -999 -999 -999 -999 -999 -999 -999 -999 -999 -999 -999 -999 1.67 1.87 1.90 1.66 1.43 1.34 -999 -999 -999 -999 1.15 1.24 1.31 1.38 1.43 1.32 1.07 0.71 0.69 1.03 1.35 1.57 1.64 1.66 1.69 1.70 1.73 1.77 1.79 1.78 1.70 1.61 1.60 1.73 1.93 2.15 2.28 2.35 2.42 2.51 2.58 2.61 2.70 2.77 2.84 2.91 2.97 3.08 3.21 3.33 3.39 3.40 3.44 3.57 -999 -999 -999 -999 -999 -999
-999 -999 -999 -999 -999 -999 -999 -999 -999 -999 -999 -999 -999 -999 -999 -999 -999 -999 -999 -999 -999 -999 -999 -999 -999 -999 -999 -999 -999 -999 -999 -999 -999 -999 -999 -999 -999 -999 -999 -999 -999 -999 -999 -999 -999 -999 -999 -999 -999 -999 -999 -999 -999 -999 -999 -999 -999 -999 -999 1.76 1.71 1.76 1.77 1.56 1.39 1.28 1.20 1.14 1.09 1.03 1.07 1.18 1.24 1.24 1.18 1.10 0.82 -0.23 -0.34 0.68 1.22 1.43 1.54 1.65 1.74 1.77 1.79 1.84 1.89 1.91 1.86 1.78 1.73 1.86 2.03 2.18 2.30 2.36 2.42 2.48 2.54 2.60 2.70 2.82 2.98 3.03 3.03 3.14 3.31 3.43 3.51 3.52 3.61 3.82 3.93 -999 -999 -999 -999 -999
-999 -999 -999 -999 -999 -999 -999 -999 -999 -999 -999 -999 -999 -999 -999 -999 -999 -999 -999 -999 -999 -999 -999 -999 -999 -999 -999 -999 -999 -999 -999 -999 -999 -999 -999 -999 -999 -999 -999 -999 -999 -999 -999 -999 -999 -999 -999 -999 -999 -999 -999 -999 -999 -999 -999 -999 1.24 1.30 1.41 1.72 1.81 1.62 1.53 1.43 1.33 1.23 1.14 1.09 1.07 1.04 1.08 1.16 1.20 1.19 1.13 1.05 0.71 -0.59 -0.70 0.61 1.22 1.40 1.49 1.66 1.80 1.88 1.87 1.93 2.03 2.10 2.02 1.90 1.84 1.97 2.12 2.25 2.35 2.39 2.43 2.48 2.53 2.60 2.71 2.88 3.17 3.19 3.08 3.17 3.34 3.47 3.75 3.67 3.73 4.06 4.02 3.83 3.92 4.14 4.05 3.84
-999 -999 -999 -999 -999 -999 -999 -999 -999 -999 -999 -999 -999 -999 -999 -999 -999 -999 -999 -999 0.28 -999 -999 -999 -999 -999 -999 -999 -999 -999 -999 -999 -999 -999 -999 -999 -999 -999 -999 -999 -999 -999 -999 -999 -999 -999 -999 2.18 1.98 1.44 1.15 1.07 1.06 1.09 1.13 1.17 1.25 1.32 1.35 1.50 1.58 1.48 1.40 1.35 1.30 1.18 1.03 0.94 0.95 1.03 1.10 1.16 1.18 1.17 1.12 1.03 0.84 0.44 0.45 0.93 1.28 1.43 1.53 1.70 1.82 1.88 1.93 2.02 2.18 2.38 2.18 2.06 2.05 2.14 2.25 2.32 2.38 2.41 2.48 2.51 2.55 2.61 2.69 2.82 3.02 3.07 3.07 3.17 3.32 3.49 3.67 3.71 3.83 3.94 3.91 3.83 3.85 3.95 3.89 3.72
-999 -999 -999 -999 -999 -999 -999 -999 -999 -999 -999 -999 -999 -999 -999 -999 -999 0.19 0.19 0.23 0.23 0.26 0.29 -999 -999 -999 -999 -999 -999 -999 -999 -999 -999 -999 -999 -999 -999 -999 -999 -999 -999 -999 -999 -999 -999 -999 -999 1.66 1.73 1.30 1.06 1.00 1.03 1.11 1.15 1.15 1.25 1.37 1.30 1.31 1.35 1.34 1.33 1.36 1.39 1.19 0.81 0.53 0.63 0.92 1.08 1.16 1.18 1.16 1.08 0.99 0.96 0.95 1.03 1.19 1.36 1.49 1.61 1.79 1.89 1.91 2.02 2.15 2.20 2.30 2.19 2.14 2.17 2.25 2.40 2.42 2.38 2.45 2.56 2.55 2.58 2.62 2.64 2.74 2.86 2.96 3.05 3.18 3.30 3.41 3.55 3.79 4.09 3.98 3.95 3.90 3.83 3.78 3.71 3.59
-999 -999 -999 -999 -999 -999 -999 -999 -999 -999 -999 -999 -999 -999 -999 -999 -999 0.16 0.12 0.16 0.11 0.19 0.29 0.32 -999 -999 -999 -999 -999 -999 -999 -999 -999 -999 -999 -999 -999 -999 -999 -999 -999 -999 -999 -999 -999 -999 -999 1.11 1.10 0.95 0.87 0.90 0.98 1.15 1.24 1.10 1.11 1.18 1.18 1.19 1.23 1.25 1.29 1.41 1.61 1.25 0.47 -0.58 0.02 0.98 1.11 1.17 1.19 1.15 1.00 0.72 0.86 1.11 1.21 1.31 1.42 1.52 1.61 1.80 1.94 1.94 2.12 2.33 2.20 2.17 2.17 2.19 2.27 2.33 2.39 2.40 2.38 2.41 2.48 2.53 2.64 2.71 2.66 2.72 2.82 2.94 3.09 3.30 3.38 3.39 3.50 3.73 3.97 4.02 4.20 4.07 3.94 3.79 3.65 3.53
-999 -999 -999 -999 -999 -999 -999 -999 -999 -999 -999 -999 -999 -999 -999 -999 0.34 0.26 0.20 0.17 0.06 0.17 0.29 0.29 0.17 0.14 -999 -999 -999 -999 -999 -999 -999 -999 -999 -999 -999 -999 -999 -999 -999 -999 -999 -999 -999 -999 -999 0.72 0.58 0.53 0.60 0.75 0.89 1.03 1.07 0.90 0.84 0.93 1.02 1.09 1.15 1.19 1.23 1.30 1.39 1.13 0.49 -0.60 0.53 1.46 1.20 1.20 1.20 1.18 1.04 0.76 0.91 1.18 1.23 1.32 1.45 1.52 1.49 1.56 1.80 1.92 2.05 2.16 2.18 2.18 2.18 2.23 2.37 2.44 2.36 2.35 2.35 2.34 2.35 2.47 2.67 2.82 2.72 2.74 2.83 2.95 3.15 3.51 3.56 3.40 3.42 3.56 3.73 3.93 4.16 4.25 4.15 3.89 3.68 -999
-999 -999 -999 -999 -999 -999 -999 -999 -999 -999 -999 -999 -999 -999 -999 -999 0.36 0.35 0.33 0.30 0.26 0.29 0.33 0.31 0.18 0.22 0.37 0.42 -999 -999 -999 -999 -999 -999 -999 -999 -999 -999 -999 -999 -999 -999 -999 -999 -999 -999 0.50 0.25 -0.07 -0.15 0.18 0.55 0.78 0.88 0.81 0.54 0.44 0.68 0.88 1.00 1.09 1.15 1.19 1.21 1.20 1.09 0.91 0.77 0.97 1.23 1.21 1.22 1.22 1.22 1.18 1.13 1.18 1.26 1.26 1.36 1.47 1.53 1.47 1.50 1.77 1.92 2.05 2.09 2.26 2.28 2.20 2.23 2.33 2.39 2.34 2.33 2.33 2.28 2.24 2.40 2.57 2.68 2.71 2.77 2.87 2.97 3.12 3.39 3.44 3.33 3.33 3.42 3.58 3.76 3.98 4.41 4.22 3.91 -999 -999
-999 -999 -999 -999 -999 -999 -999 -0.03 -0.02 0.19 0.33 -999 -999 -999 -999 -999 -999 0.41 0.42 0.44 0.41 0.38 0.38 0.38 0.36 0.38 0.42 0.45 0.44 0.36 0.29 0.30 0.33 0.35 0.37 0.40 0.44 0.49 0.51 0.41 0.13 -0.26 -0.16 0.81 1.15 0.75 0.47 -0.02 -1.11 -1.68 -0.47 0.41 0.75 0.85 0.74 0.45 0.23 0.49 0.78 0.91 1.02 1.10 1.17 1.19 1.18 1.12 1.08 1.08 1.09 1.17 1.22 1.25 1.22 1.23 1.26 1.28 1.31 1.36 1.39 1.45 1.50 1.55 1.59 1.67 1.79 1.87 1.99 2.04 2.18 2.22 2.19 2.23 2.29 2.32 2.33 2.33 2.34 2.33 2.33 2.41 2.52 2.61 2.70 2.82 2.99 3.07 3.07 3.15 3.20 3.21 3.24 3.31 -999 3.70 3.83 3.99 -999 -999 -999 -999
-999 -999 -999 -999 -999 -999 0.09 -0.10 -0.28 0.08 0.31 0.27 0.33 0.36 0.40 0.44 0.49 0.48 0.46 0.48 0.46 0.43 0.42 0.43 0.46 0.46 0.48 0.49 0.44 0.29 0.21 0.25 0.28 0.30 0.32 0.36 0.42 0.51 0.59 0.51 0.13 -0.91 -1.19 0.19 0.74 0.62 0.42 -0.10 -1.48 -3.20 -0.56 0.52 0.87 0.93 0.83 0.60 0.28 0.51 0.74 0.75 0.91 1.05 1.12 1.16 1.18 1.17 1.15 1.15 1.18 1.23 1.27 1.28 1.26 1.25 1.25 1.31 1.37 1.43 1.46 1.47 1.48 1.54 1.62 1.72 1.79 1.80 1.81 1.96 2.07 2.14 2.19 2.26 2.34 2.38 2.35 2.34 2.36 2.37 2.39 2.44 2.51 2.59 2.71 2.88 3.15 3.23 3.08 3.03 3.07 -999 -999 -999 -999 -999 -999 -999 -999 -999 -999 -999
-999 -999 -999 -999 -999 0.18 0.09 -0.10 -0.29 -0.11 0.18 0.26 0.32 0.36 0.40 0.45 0.53 0.54 0.47 0.46 0.45 0.45 0.46 0.47 0.49 0.48 0.46 0.44 0.36 0.11 0.01 0.15 0.21 0.22 0.21 0.26 0.36 0.51 0.71 0.66 0.33 -0.75 -1.22 -0.13 0.40 0.51 0.44 0.17 -0.33 -0.45 0.20 0.83 1.15 1.09 0.98 0.85 0.75 0.78 0.78 0.61 0.85 1.02 1.08 1.15 1.19 1.21 1.23 1.24 1.27 1.30 1.32 1.33 1.33 1.30 1.26 1.34 1.41 1.47 1.50 1.48 1.43 1.48 1.59 1.72 1.80 1.81 1.83 2.03 2.09 2.13 2.21 2.31 2.47 2.51 2.40 2.37 2.38 2.39 2.42 2.45 2.51 2.59 2.70 2.85 3.04 3.10 3.01 2.96 -999 -999 -999 -999 -999 -999 -999 -999 -999 -999 -999 -999
-999 -999 -999 -999 -999 -999 -999 -999 -999 0.07 0.18 0.25 0.31 0.36 0.40 0.44 0.49 0.50 0.46 0.45 0.45 0.47 0.52 0.52 0.49 0.47 0.43 0.39 0.30 0.10 0.03 0.13 0.14 0.09 0.01 0.05 0.24 0.41 0.55 0.60 0.62 0.15 -0.07 0.20 0.43 0.53 0.53 0.43 0.28 0.18 0.36 0.96 1.27 1.21 1.10 1.03 0.98 0.96 0.92 0.87 0.96 1.01 1.06 1.15 1.22 1.26 1.29 1.31 1.34 1.36 1.36 1.36 1.38 1.38 1.36 1.36 1.44 1.50 1.53 1.53 1.51 1.46 1.58 1.73 1.81 1.86 1.95 2.12 2.13 2.14 2.25 2.37 2.45 2.46 2.39 2.39 2.40 2.41 2.43 2.47 2.52 2.60 2.70 2.80 2.89 2.93 2.92 2.91 -999 -999 -999 -999 -999 -999 -999 -999 -999 -999 -999 -999
-999 -999 -999 -999 -999 -999 -999 -999 -999 -999 0.18 0.21 0.30 0.35 0.39 0.41 0.43 0.44 0.43 0.43 0.44 0.50 0.66 0.65 0.49 0.44 0.40 0.36 0.29 0.20 0.15 0.13 0.07 -0.08 -0.36 -0.35 0.05 0.29 0.42 0.50 0.52 0.41 0.38 0.47 0.55 0.61 0.64 0.60 0.45 -0.06 -0.65 1.04 1.59 1.35 1.18 1.13 1.11 1.08 1.05 1.01 1.00 1.03 1.10 1.18 1.25 1.31 1.35 1.38 1.40 1.41 1.38 1.33 1.41 1.44 1.40 1.37 1.47 1.52 1.55 1.59 1.60 1.61 1.67 1.74 1.77 1.85 1.95 2.05 2.09 2.15 2.27 2.43 2.44 2.38 2.38 2.40 2.43 2.45 2.46 2.49 2.54 2.62 2.74 2.87 2.91 2.89 -999 -999 -999 -999 -999 -999 -999 -999 -999 -999 -999 -999 -999 -999
-999 -999 -999 -999 -999 -999 -999 -999 -999 0.21 0.16 0.17 0.31 0.37 0.39 0.40 0.41 0.41 0.41 0.41 0.42 0.48 0.61 0.60 0.46 0.41 0.37 0.32 0.28 0.21 0.16 0.10 0.00 -0.18 -0.54 -0.54 -0.05 0.21 0.34 0.43 0.47 0.49 0.54 0.59 0.62 0.69 0.75 0.75 0.65 0.34 0.15 1.12 1.47 1.30 1.15 1.19 1.20 1.18 1.13 0.99 0.80 0.95 1.12 1.22 1.29 1.36 1.41 1.44 1.45 1.47 1.44 1.41 1.47 1.51 1.51 1.52 1.55 1.54 1.57 1.64 1.68 1.71 1.74 1.73 1.65 1.81 1.96 2.04 2.09 2.16 2.25 2.33 2.36 2.36 2.39 2.43 2.48 2.49 2.48 2.51 2.57 2.66 2.83 3.07 3.18 -999 -999 -999 -999 -999 -999 -999 -999 -999 -999 -999 -999 -999 -999 -999
-999 -999 -999 -999 -999 -999 0.31 0.31 0.30 0.28 0.27 0.33 0.43 0.41 0.40 0.39 0.40 0.39 0.39 0.40 0.40 0.42 0.46 0.44 0.40 0.37 0.33 0.29 0.24 0.18 0.11 0.02 -0.09 -0.21 -0.33 -0.27 -0.02 0.15 0.27 0.38 0.46 0.53 0.59 0.62 0.67 0.78 0.87 0.92 0.93 0.98 1.03 1.15 1.27 1.20 1.13 1.30 1.29 1.28 1.23 1.01 0.65 0.90 1.15 1.27 1.34 1.42 1.49 1.50 1.50 1.50 1.51 1.53 1.57 1.60 1.61 1.61 1.60 1.62 1.66 1.71 1.74 1.77 1.80 1.80 1.78 1.89 2.01 2.08 2.12 2.17 2.22 2.27 2.31 2.35 2.41 2.51 2.54 2.51 2.52 2.56 2.63 2.70 2.85 3.12 3.21 -999 -999 -999 -999 -999 -999 -999 -999 -999 -999 -999 -999 -999 -999 -999
-999 -999 -999 -999 -999 0.33 0.32 0.32 0.32 0.32 0.36 0.49 0.55 0.45 0.41 0.39 0.39 0.37 0.37 0.37 0.37 0.37 0.37 0.37 0.39 0.35 0.29 0.23 0.19 0.12 0.04 -0.08 -0.26 -0.45 -0.47 -0.26 -0.05 0.04 0.15 0.32 0.45 0.55 0.62 0.68 0.75 0.87 1.05 1.15 1.12 1.31 1.37 1.23 1.25 1.27 1.36 1.44 1.38 1.39 1.40 1.23 1.06 1.12 1.24 1.32 1.39 1.48 1.57 1.55 1.53 1.54 1.58 1.63 1.69 1.73 1.72 1.68 1.65 1.68 1.75 1.81 1.81 1.83 1.86 1.90 1.94 2.02 2.14 2.18 2.17 2.20 2.23 2.27 2.31 2.36 2.44 2.59 2.64 2.55 2.57 2.66 2.77 2.78 2.80 2.98 3.05 -999 -999 -999 -999 -999 -999 -999 -999 -999 -999 -999 -999 -999 -999 -999
-999 -999 -999 -999 -999 -999 0.32 0.32 0.32 0.33 0.36 0.44 0.48 0.47 0.45 0.39 0.35 0.33 0.32 0.32 0.32 0.31 0.31 0.31 0.32 0.29 0.22 0.16 0.11 0.05 -0.05 -0.21 -0.52 -1.10 -1.20 -0.50 -0.13 -0.15 -0.09 0.25 0.45 0.54 0.60 0.71 0.81 0.94 1.16 1.32 1.19 1.25 1.29 1.28 1.32 1.37 1.42 1.46 1.47 1.48 1.47 1.36 1.28 1.28 1.33 1.39 1.44 1.50 1.55 1.55 1.56 1.61 1.71 1.75 1.79 1.86 1.85 1.85 1.75 1.75 1.81 1.88 1.86 1.87 1.91 1.97 2.00 2.07 2.22 2.25 2.23 2.26 2.26 2.29 2.32 2.37 2.45 2.54 2.57 2.56 2.61 2.82 3.06 2.93 2.79 -999 -999 -999 -999 -999 -999 -999 -999 -999 -999 -999 -999 -999 -999 -999 -999 -999
-999 -999 -999 -999 -999 0.31 0.32 0.32 0.31 0.31 0.33 0.37 0.41 0.50 0.54 0.37 0.27 0.26 0.27 0.27 0.26 0.25 0.23 0.22 0.20 0.16 0.09 0.03 -0.00 -0.04 -0.12 -0.28 -0.63 -1.36 -1.53 -0.59 -0.13 -0.11 -0.02 0.28 0.46 0.52 0.57 0.76 0.85 0.94 1.08 1.18 1.18 1.23 1.29 1.37 1.47 1.52 1.56 1.66 1.62 1.58 1.50 1.41 1.37 1.37 1.40 1.45 1.50 1.54 1.55 1.56 1.59 1.65 1.79 1.82 1.77 1.80 1.87 1.90 1.80 1.78 1.81 1.85 1.87 1.91 1.95 2.00 2.04 2.09 2.17 2.23 2.31 2.35 2.31 2.32 2.35 2.40 2.47 2.59 2.60 2.56 2.61 2.81 3.05 2.96 -999 -999 -999 -999 -999 -999 -999 -999 -999 -999 -999 -999 -999 -999 -999 -999 -999 -999
-999 -999 -999 -999 -999 0.30 0.30 0.31 0.30 0.30 0.30 0.31 0.34 0.40 0.41 0.25 0.09 0.16 0.21 0.22 0.21 0.19 0.15 0.11 0.08 -0.00 -0.13 -0.21 -0.20 -0.15 -0.18 -0.31 -0.53 -0.77 -0.80 -0.41 -0.05 0.11 0.23 0.39 0.46 0.49 0.67 0.86 0.88 0.94 1.03 1.12 1.19 1.26 1.36 1.50 1.73 1.76 1.77 1.80 1.71 1.56 1.50 1.45 1.43 1.43 1.46 1.50 1.58 1.63 1.59 1.58 1.60 1.64 1.71 1.74 1.75 1.77 1.79 1.80 1.79 1.80 1.82 1.86 1.90 1.95 2.00 2.05 2.13 2.15 2.19 2.26 2.32 2.34 2.34 2.38 2.41 2.42 2.48 2.61 2.62 2.55 2.57 2.66 2.75 2.77 -999 -999 -999 -999 -999 -999 -999 -999 -999 -999 -999 -999 -999 -999 -999 -999 -999 -999
-999 -999 -999 -999 -999 -999 0.29 0.29 0.29 0.29 0.27 0.23 0.21 0.25 0.26 0.18 0.07 0.13 0.19 0.20 0.17 0.13 0.08 0.02 -0.01 -0.19 -0.54 -0.78 -0.58 -0.29 -0.22 -0.36 -0.62 -0.68 -0.57 -0.18 0.11 0.24 0.36 0.46 0.50 0.53 0.72 0.84 0.89 0.96 1.04 1.13 1.23 1.32 1.42 1.56 1.80 1.84 1.91 1.74 1.62 1.54 1.50 1.47 1.47 1.47 1.49 1.54 1.61 1.67 1.62 1.60 1.60 1.63 1.67 1.72 1.78 1.77 1.76 1.78 1.79 1.80 1.83 1.88 1.94 2.02 2.06 2.09 2.17 2.19 2.23 2.36 2.42 2.36 2.38 2.49 2.52 2.46 2.46 2.52 2.53 2.51 2.52 2.56 2.59 -999 -999 -999 -999 -999 -999 -999 -999 -999 -999 -999 -999 -999 -999 -999 -999 -999 -999 -999
-999 -999 -999 -999 -999 -999 0.26 0.27 0.28 0.26 0.22 0.13 0.05 0.13 0.19 0.18 0.15 0.15 0.16 0.15 0.09 0.05 0.04 0.01 -0.07 -0.39 -1.20 -1.96 -1.18 -0.41 -0.22 -0.36 -0.81 -0.76 -0.21 0.22 0.32 0.36 0.44 0.54 0.61 0.70 0.82 0.88 0.93 1.00 1.07 1.16 1.27 1.37 1.49 1.57 1.74 1.83 1.74 1.65 1.58 1.53 1.51 1.51 1.51 1.52 1.52 1.55 1.61 1.69 1.65 1.61 1.60 1.62 1.65 1.70 1.75 1.76 1.76 1.78 1.80 1.81 1.84 1.89 1.96 2.05 2.08 2.10 2.17 2.22 2.26 2.43 2.50 2.39 2.40 2.49 2.52 2.46 2.45 2.48 2.49 2.49 2.50 2.51 -999 -999 -999 -999 -999 -999 -999 -999 -999 -999 -999 -999 -999 -999 -999 -999 -999 -999 -999 -999
-999 -999 -999 -0.19 -0.12 0.06 0.22 0.25 0.26 0.24 0.19 0.09 0.03 0.09 0.15 0.17 0.15 0.13 0.09 0.02 -0.13 -0.15 -0.03 -0.00 -0.10 -0.40 -1.19 -1.93 -1.10 -0.32 -0.12 -0.17 -0.32 -0.23 0.12 0.49 0.46 0.44 0.51 0.60 0.70 0.83 0.95 0.96 0.99 1.04 1.11 1.20 1.30 1.41 1.54 1.59 1.84 2.02 1.71 1.61 1.56 1.54 1.53 1.55 1.60 1.58 1.55 1.56 1.61 1.73 1.67 1.60 1.59 1.61 1.64 1.68 1.71 1.74 1.76 1.78 1.80 1.82 1.86 1.90 1.96 2.02 2.06 2.11 2.21 2.27 2.25 2.28 2.36 2.43 2.43 2.43 2.44 2.45 2.47 2.49 2.50 2.50 2.49 -999 -999 -999 -999 -999 -999 -999 -999 -999 -999 -999 -999 -999 -999 -999 -999 -999 -999 -999 -999 -999
-999 -0.12 -0.33 -0.39 -0.29 -0.01 0.17 0.24 0.25 0.23 0.17 0.03 -0.08 0.03 0.12 0.14 0.12 0.06 0.01 -0.08 -0.34 -0.34 -0.08 -0.00 -0.05 -0.21 -0.48 -0.59 -0.26 0.01 0.05 0.05 0.07 0.21 0.34 0.42 0.45 0.49 0.56 0.65 0.76 0.88 0.98 1.03 1.08 1.10 1.14 1.22 1.32 1.40 1.43 1.53 1.67 1.76 1.64 1.58 1.56 1.56 1.57 1.59 1.67 1.62 1.56 1.54 1.55 1.60 1.60 1.57 1.55 1.57 1.61 1.66 1.70 1.73 1.76 1.79 1.82 1.85 1.88 1.92 1.96 2.01 2.06 2.10 2.16 2.22 2.23 2.23 2.32 2.45 2.44 2.43 2.44 2.47 2.52 2.56 2.54 2.51 2.49 -999 -999 -999 -999 -999 -999 -999 -999 -999 -999 -999 -999 -999 -999 -999 -999 -999 -999 -999 -999 -999
0.07 -0.08 -0.34 -0.55 -0.42 -0.06 0.17 0.25 0.27 0.25 0.18 0.02 -0.12 0.01 0.12 0.12 0.06 -0.08 -0.15 -0.10 -0.15 -0.13 -0.02 0.03 0.02 -0.03 -0.06 0.05 0.37 0.37 0.21 0.19 0.25 0.39 0.47 0.43 0.46 0.52 0.60 0.70 0.80 0.91 1.02 1.15 1.23 1.17 1.17 1.24 1.33 1.40 1.45 1.51 1.57 1.59 1.58 1.58 1.58 1.60 1.64 1.61 1.60 1.58 1.55 1.53 1.51 1.54 1.56 1.54 1.47 1.49 1.58 1.65 1.70 1.72 1.75 1.80 1.84 1.88 1.90 1.92 1.97 2.02 2.07 2.10 2.14 2.20 2.25 2.29 2.36 2.43 2.44 2.45 2.47 2.51 2.61 2.76 2.68 2.61 -999 -999 -999 -999 -999 -999 -999 -999 -999 -999 -999 -999 -999 -999 -999 -999 -999 -999 -999 -999 -999 -999
0.11 -0.03 -0.19 -0.46 -0.23 0.04 0.22 0.29 0.31 0.29 0.24 0.15 0.08 0.12 0.15 0.12 0.02 -0.27 -0.44 -0.12 -0.01 0.01 0.01 0.04 0.06 0.06 0.09 0.20 0.42 0.41 0.28 0.27 0.31 0.38 0.43 0.44 0.49 0.55 0.63 0.73 0.83 0.96 1.08 1.18 1.23 1.18 1.19 1.25 1.34 1.43 1.57 1.65 1.59 1.56 1.58 1.64 1.65 1.63 1.66 1.61 1.56 1.55 1.54 1.53 1.53 1.54 1.54 1.53 1.48 1.49 1.58 1.66 1.70 1.71 1.75 1.81 1.86 1.89 1.91 1.94 1.98 2.03 2.07 2.12 2.17 2.23 2.30 2.38 2.48 2.54 2.52 2.51 2.52 2.56 2.65 2.81 2.75 -999 -999 -999 -999 -999 -999 -999 -999 -999 -999 -999 -999 -999 -999 -999 -999 -999 -999 -999 -999 -999 -999 -999
-999 -999 -999 -0.00 0.06 0.19 0.30 0.36 0.38 0.37 0.33 0.27 0.23 0.22 0.20 0.15 0.05 -0.15 -0.23 0.00 0.09 0.06 0.03 0.06 0.07 0.05 0.10 0.19 0.28 0.31 0.30 0.31 0.34 0.38 0.42 0.45 0.49 0.54 0.64 0.74 0.86 1.03 1.23 1.25 1.18 1.17 1.20 1.26 1.35 1.46 1.69 1.82 1.64 1.57 1.61 1.76 1.80 1.65 1.59 1.56 1.54 1.53 1.53 1.53 1.53 1.53 1.53 1.53 1.52 1.53 1.60 1.67 1.72 1.74 1.78 1.84 1.90 1.92 1.93 1.96 2.00 2.04 2.09 2.14 2.20 2.27 2.36 2.48 2.67 2.77 2.64 2.58 2.58 2.62 2.65 2.67 -999 -999 -999 -999 -999 -999 -999 -999 -999 -999 -999 -999 -999 -999 -999 -999 -999 -999 -999 -999 -999 -999 -999 -999
-999 -999 -999 -999 0.21 0.32 0.40 0.46 0.50 0.48 0.42 0.35 0.31 0.29 0.25 0.20 0.12 0.04 0.02 0.13 0.16 0.11 0.09 0.10 0.08 0.03 0.10 0.20 0.25 0.28 0.28 0.30 0.34 0.40 0.43 0.44 0.40 0.48 0.62 0.74 0.87 1.05 1.29 1.29 1.18 1.17 1.21 1.27 1.35 1.44 1.56 1.64 1.59 1.57 1.61 1.70 1.72 1.61 1.56 1.53 1.52 1.52 1.52 1.53 1.53 1.53 1.51 1.54 1.56 1.58 1.63 1.69 1.74 1.78 1.82 1.88 1.95 1.97 1.96 1.99 2.03 2.07 2.11 2.17 2.23 2.31 2.42 2.56 2.76 2.85 2.73 2.66 2.66 2.72 2.73 2.66 -999 -999 -999 -999 -999 -999 -999 -999 -999 -999 -999 -999 -999 -999 -999 -999 -999 -999 -999 -999 -999 -999 -999 -999
-999 -999 -999 -999 -999 0.43 0.50 0.59 0.67 0.65 0.54 0.41 0.32 0.31 0.30 0.25 0.19 0.10 0.03 0.10 0.12 0.12 0.13 0.13 0.13 0.13 0.17 0.23 0.27 0.26 0.20 0.20 0.30 0.40 0.45 0.43 0.34 0.43 0.60 0.74 0.85 0.98 1.12 1.15 1.15 1.17 1.23 1.30 1.36 1.41 1.47 1.52 1.56 1.61 1.61 1.60 1.58 1.54 1.52 1.51 1.50 1.51 1.51 1.52 1.53 1.53 1.54 1.56 1.60 1.63 1.67 1.72 1.77 1.81 1.85 1.90 1.95 1.97 1.98 2.02 2.07 2.11 2.15 2.20 2.27 2.35 2.46 2.61 2.81 2.94 2.81 2.74 2.71 2.75 2.75 2.68 -999 -999 -999 -999 -999 -999 -999 -999 -999 -999 -999 -999 -999 -999 -999 -999 -999 -999 -999 -999 -999 -999 -999 -999
-999 -999 -999 -999 -999 0.48 0.57 0.68 0.83 0.82 0.64 0.47 0.36 0.34 0.34 0.31 0.25 0.18 0.13 0.12 0.11 0.12 0.12 0.14 0.17 0.19 0.23 0.27 0.30 0.26 0.11 0.07 0.27 0.41 0.47 0.48 0.46 0.52 0.63 0.73 0.81 0.91 1.00 1.06 1.12 1.18 1.25 1.36 1.43 1.41 1.44 1.50 1.62 1.79 1.71 1.58 1.52 1.51 1.50 1.48 1.48 1.49 1.51 1.52 1.52 1.54 1.56 1.59 1.63 1.66 1.69 1.73 1.79 1.81 1.90 1.98 1.96 1.97 2.02 2.08 2.15 2.18 2.19 2.24 2.31 2.40 2.50 2.64 2.79 2.92 2.96 2.90 2.79 2.73 2.72 -999 -999 -999 -999 -999 -999 -999 -999 -999 -999 -999 -999 -999 -999 -999 -999 -999 -999 -999 -999 -999 -999 -999 -999 -999
-999 -999 -999 -999 -999 -999 0.61 0.69 0.79 0.79 0.68 0.57 0.48 0.43 0.40 0.37 0.32 0.25 0.19 0.15 0.12 0.08 0.06 0.09 0.17 0.22 0.27 0.32 0.34 0.33 0.24 0.23 0.36 0.46 0.51 0.54 0.57 0.61 0.67 0.72 0.76 0.81 0.90 1.00 1.10 1.18 1.27 1.39 1.47 1.42 1.43 1.49 1.63 1.88 1.75 1.58 1.51 1.49 1.47 1.45 1.45 1.47 1.50 1.52 1.51 1.54 1.57 1.61 1.65 1.68 1.70 1.74 1.80 1.85 1.97 2.03 1.98 2.00 2.06 2.14 2.25 2.26 2.24 2.29 2.37 2.45 2.55 2.68 2.85 3.10 3.33 3.16 2.92 -999 -999 -999 -999 -999 -999 -999 -999 -999 -999 -999 -999 -999 -999 -999 -999 -999 -999 -999 -999 -999 -999 -999 -999 -999 -999 -999
-999 -999 -999 -999 -999 -999 -999 0.67 0.71 0.74 0.77 0.74 0.63 0.54 0.46 0.41 0.38 0.31 0.24 0.18 0.09 -0.07 -0.21 -0.07 0.13 0.23 0.31 0.36 0.41 0.44 0.45 0.47 0.50 0.53 0.56 0.58 0.61 0.64 0.67 0.68 0.65 0.61 0.77 0.95 1.10 1.21 1.28 1.35 1.39 1.40 1.41 1.47 1.57 1.66 1.63 1.55 1.50 1.47 1.43 1.38 1.38 1.43 1.49 1.54 1.58 1.56 1.58 1.62 1.66 1.69 1.72 1.76 1.80 1.85 1.92 1.96 1.97 2.02 2.12 2.21 2.25 2.26 2.27 2.36 2.47 2.53 2.62 2.77 2.98 3.26 3.47 3.43 -999 -999 -999 -999 -999 -999 -999 -999 -999 -999 -999 -999 -999 -999 -999 -999 -999 -999 -999 -999 -999 -999 -999 -999 -999 -999 -999 -999
-999 -999 -999 -999 -999 -999 -999 -999 -999 0.78 0.94 0.98 0.78 0.67 0.51 0.42 0.41 0.35 0.28 0.20 0.06 -0.27 -0.60 -0.25 0.10 0.25 0.34 0.41 0.47 0.56 0.67 0.70 0.65 0.61 0.60 0.60 0.62 0.65 0.66 0.64 0.51 0.31 0.60 0.92 1.13 1.30 1.37 1.36 1.38 1.39 1.40 1.45 1.54 1.65 1.62 1.54 1.48 1.43 1.38 1.27 1.28 1.38 1.46 1.52 1.56 1.56 1.59 1.63 1.67 1.71 1.74 1.78 1.81 1.85 1.90 1.94 1.98 2.04 2.17 2.34 2.29 2.26 2.31 2.49 2.70 2.67 2.69 2.88 3.18 3.50 3.86 3.67 -999 -999 -999 -999 -999 -999 -999 -999 -999 -999 -999 -999 -999 -999 -999 -999 -999 -999 -999 -999 -999 -999 -999 -999 -999 -999 -999 -999
-999 -999 -999 -999 -999 -999 -999 -999 -999 -999 1.04 1.00 0.87 0.94 0.75 0.53 0.45 0.38 0.31 0.24 0.11 -0.12 -0.31 -0.11 0.15 0.28 0.37 0.45 0.53 0.67 0.90 0.98 0.79 0.66 0.62 0.60 0.61 0.62 0.64 0.64 0.55 0.43 0.67 0.95 1.17 1.42 1.53 1.39 1.37 1.38 1.39 1.44 1.54 1.73 1.67 1.53 1.46 1.41 1.36 1.28 1.28 1.35 1.41 1.47 1.51 1.55 1.59 1.64 1.68 1.72 1.76 1.80 1.81 1.85 1.90 1.95 1.99 2.03 2.15 2.28 2.27 2.26 2.32 2.54 2.83 2.73 2.74 3.00 3.50 3.90 3.98 3.83 -999 -999 -999 -999 -999 -999 -999 -999 -999 -999 -999 -999 -999 -999 -999 -999 -999 -999 -999 -999 -999 -999 -999 -999 -999 -999 -999 -999
-999 -999 -999 -999 -999 -999 -999 -999 -999 -999 -999 -999 -999 1.04 0.85 0.60 0.47 0.39 0.34 0.29 0.22 0.15 0.10 0.15 0.25 0.34 0.41 0.48 0.56 0.70 0.92 0.98 0.80 0.66 0.60 0.57 0.56 0.57 0.59 0.63 0.66 0.70 0.84 0.99 1.14 1.33 1.41 1.35 1.34 1.36 1.38 1.42 1.49 1.58 1.56 1.49 1.44 1.39 1.35 1.28 1.25 1.29 1.35 1.41 1.48 1.54 1.59 1.64 1.69 1.74 1.78 1.82 1.84 1.88 1.93 1.98 2.01 2.03 2.10 2.17 2.22 2.28 2.30 2.43 2.60 2.63 2.72 3.00 3.53 3.97 -999 -999 -999 -999 -999 -999 -999 -999 -999 -999 -999 -999 -999 -999 -999 -999 -999 -999 -999 -999 -999 -999 -999 -999 -999 -999 -999 -999 -999 -999
-999 -999 -999 -999 -999 -999 -999 -999 -999 -999 -999 -999 -999 0.85 0.72 0.56 0.44 0.35 0.34 0.32 0.30 0.28 0.28 0.28 0.33 0.39 0.45 0.51 0.57 0.66 0.75 0.77 0.69 0.61 0.55 0.50 0.46 0.43 0.47 0.57 0.68 0.80 0.92 1.01 1.07 1.18 1.27 1.31 1.33 1.35 1.39 1.42 1.44 1.47 1.47 1.44 1.41 1.38 1.34 1.26 1.21 1.19 1.23 1.34 1.44 1.52 1.59 1.65 1.70 1.74 1.75 1.90 1.88 1.91 1.96 2.02 2.07 2.10 2.10 2.13 2.19 2.26 2.28 2.35 2.47 2.54 2.65 2.85 3.13 3.59 -999 -999 -999 -999 -999 -999 -999 -999 -999 -999 -999 -999 -999 -999 -999 -999 -999 -999 -999 -999 -999 -999 -999 -999 -999 -999 -999 -999 -999 -999
-999 -999 -999 -999 -999 -999 -999 -999 -999 -999 -999 -999 -999 -999 -999 0.51 0.41 0.32 0.33 0.35 0.33 0.31 0.31 0.33 0.38 0.43 0.48 0.53 0.58 0.63 0.66 0.64 0.59 0.51 0.46 0.40 0.28 0.12 0.17 0.41 0.64 0.81 0.95 1.01 1.02 1.14 1.26 1.32 1.34 1.36 1.42 1.46 1.43 1.42 1.42 1.41 1.39 1.37 1.33 1.27 1.16 0.95 1.01 1.25 1.40 1.51 1.59 1.65 1.71 1.75 1.79 1.92 1.91 1.95 1.99 2.07 2.16 2.22 2.12 2.11 2.15 2.20 -999 -999 -999 -999 -999 2.77 -999 -999 -999 -999 -999 -999 -999 -999 -999 -999 -999 -999 -999 -999 -999 -999 -999 -999 -999 -999 -999 -999 -999 -999 -999 -999 -999 -999 -999 -999 -999 -999
-999 -999 -999 -999 -999 -999 -999 -999 -999 -999 -999 -999 -999 -999 -999 -999 -999 0.34 0.36 0.37 0.36 0.35 0.35 0.37 0.42 0.47 0.51 0.56 0.60 0.62 0.62 0.59 0.50 0.37 0.29 0.30 0.13 -0.43 -0.38 0.23 0.59 0.82 0.96 1.03 1.07 1.18 1.34 1.42 1.36 1.37 1.43 1.48 1.43 1.40 1.40 1.39 1.38 1.37 1.34 1.28 1.14 0.88 0.91 1.24 1.40 1.50 1.58 1.64 1.70 1.76 1.80 1.86 1.93 1.99 2.00 2.08 2.13 2.20 2.11 2.09 2.12 2.15 -999 -999 -999 -999 -999 -999 -999 -999 -999 -999 -999 -999 -999 -999 -999 -999 -999 -999 -999 -999 -999 -999 -999 -999 -999 -999 -999 -999 -999 -999 -999 -999 -999 -999 -999 -999 -999 -999
-999 -999 -999 -999 -999 -999 -999 -999 -999 -999 -999 -999 -999 -999 -999 -999 -999 -999 -999 0.40 0.38 0.36 0.37 0.41 0.46 0.50 0.55 0.59 0.62 0.64 0.63 0.58 0.45 0.18 0.01 0.25 0.30 -0.10 -0.25 0.27 0.61 0.84 0.98 1.06 1.13 1.23 1.36 1.43 1.37 1.36 1.39 1.41 1.40 1.39 1.39 1.39 1.38 1.37 1.35 1.31 1.25 -999 -999 -999 -999 1.51 -999 -999 -999 -999 -999 -999 1.95 1.97 -999 -999 -999 -999 -999 -999 2.09 -999 -999 -999 -999 -999 -999 -999 -999 -999 -999 -999 -999 -999 -999 -999 -999 -999 -999 -999 -999 -999 -999 -999 -999 -999 -999 -999 -999 -999 -999 -999 -999 -999 -999 -999 -999 -999 -999 -999
-999 -999 -999 -999 -999 -999 -999 -999 -999 -999 -999 -999 -999 -999 -999 -999 -999 -999 -999 -999 0.37 0.32 0.34 0.42 0.48 0.54 0.58 0.63 0.66 0.69 0.69 0.63 0.51 0.28 0.14 0.34 0.43 0.40 0.33 0.49 0.71 0.91 1.03 1.11 1.17 1.23 1.31 1.36 1.36 1.37 1.37 1.37 1.38 1.38 1.40 1.39 1.38 1.37 1.36 1.34 -999 -999 -999 -999 -999 -999 -999 -999 -999 -999 -999 -999 -999 -999 -999 -999 -999 -999 -999 -999 -999 -999 -999 -999 -999 -999 -999 -999 -999 -999 -999 -999 -999 -999 -999 -999 -999 -999 -999 -999 -999 -999 -999 -999 -999 -999 -999 -999 -999 -999 -999 -999 -999 -999 -999 -999 -999 -999 -999 -999
-999 -999 -999 -999 -999 -999 -999 -999 -999 -999 -999 -999 -999 -999 -999 -999 -999 -999 -999 -999 0.36 0.32 0.36 0.44 0.52 0.57 0.62 0.67 0.72 0.78 0.80 0.76 0.66 0.55 0.51 0.54 0.51 0.43 0.50 0.67 0.86 1.04 1.12 1.16 1.19 1.24 1.32 1.38 1.40 1.43 1.39 1.37 1.36 1.39 1.39 1.39 1.38 -999 -999 -999 -999 -999 -999 -999 -999 -999 -999 -999 -999 -999 -999 -999 -999 -999 -999 -999 -999 -999 -999 -999 -999 -999 -999 -999 -999 -999 -999 -999 -999 -999 -999 -999 -999 -999 -999 -999 -999 -999 -999 -999 -999 -999 -999 -999 -999 -999 -999 -999 -999 -999 -999 -999 -999 -999 -999 -999 -999 -999 -999 -999
-999 -999 -999 -999 -999 -999 -999 -999 -999 -999 -999 -999 -999 -999 -999 -999 -999 -999 -999 -999 -999 -999 0.42 0.47 0.54 0.60 0.66 0.72 0.79 0.89 0.99 0.95 0.83 0.78 0.78 0.79 0.71 0.64 0.69 0.84 1.05 1.28 1.28 1.21 1.20 1.22 1.31 1.37 1.43 1.48 1.40 1.37 -999 -999 -999 -999 -999 -999 -999 -999 -999 -999 -999 -999 -999 -999 -999 -999 -999 -999 -999 -999 -999 -999 -999 -999 -999 -999 -999 -999 -999 -999 -999 -999 -999 -999 -999 -999 -999 -999 -999 -999 -999 -999 -999 -999 -999 -999 -999 -999 -999 -999 -999 -999 -999 -999 -999 -999 -999 -999 -999 -999 -999 -999 -999 -999 -999 -999 -999 -999
-999 -999 -999 -999 -999 -999 -999 -999 -999 -999 -999 -999 -999 -999 -999 -999 -999 -999 -999 -999 -999 -999 -999 -999 -999 -999 0.70 0.76 0.84 0.99 1.15 1.10 0.95 0.93 1.04 1.10 1.03 0.98 0.94 1.00 1.20 1.51 1.42 1.25 1.21 1.21 1.30 1.33 -999 -999 -999 -999 -999 -999 -999 -999 -999 -999 -999 -999 -999 -999 -999 -999 -999 -999 -999 -999 -999 -999 -999 -999 -999 -999 -999 -999 -999 -999 -999 -999 -999 -999 -999 -999 -999 -999 -999 -999 -999 -999 -999 -999 -999 -999 -999 -999 -999 -999 -999 -999 -999 -999 -999 -999 -999 -999 -999 -999 -999 -999 -999 -999 -999 -999 -999 -999 -999 -999 -999 -999
-999 -999 -999 -999 -999 -999 -999 -999 -999 -999 -999 -999 -999 -999 -999 -999 -999 -999 -999 -999 -999 -999 -999 -999 -999 -999 -999 0.79 0.86 0.99 1.10 1.06 0.99 1.01 1.16 1.26 1.31 1.32 1.14 1.09 1.19 1.36 1.33 1.25 1.22 -999 -999 -999 -999 -999 -999 -999 -999 -999 -999 -999 -999 -999 -999 -999 -999 -999 -999 -999 -999 -999 -999 -999 -999 -999 -999 -999 -999 -999 -999 -999 -999 -999 -999 -999 -999 -999 -999 -999 -999 -999 -999 -999 -999 -999 -999 -999 -999 -999 -999 -999 -999 -999 -999 -999 -999 -999 -999 -999 -999 -999 -999 -999 -999 -999 -999 -999 -999 -999 -999 -999 -999 -999 -999 -999
-999 -999 -999 -999 -999 -999 -999 -999 -999 -999 -999 -999 -999 -999 -999 -999 -999 -999 -999 -999 -999 -999 -999 -999 -999 -999 -999 -999 -999 -999 1.01 1.00 -999 -999 1.14 1.20 1.38 1.38 1.19 1.12 1.15 1.21 1.25 -999 -999 -999 -999 -999 -999 -999 -999 -999 -999 -999 -999 -999 -999 -999 -999 -999 -999 -999 -999 -999 -999 -999 -999 -999 -999 -999 -999 -999 -999 -999 -999 -999 -999 -999 -999 -999 -999 -999 -999 -999 -999 -999 -999 -999 -999 -999 -999 -999 -999 -999 -999 -999 -999 -999 -999 -999 -999 -999 -999 -999 -999 -999 -999 -999 -999 -999 -999 -999 -999 -999 -999 -999 -999 -999 -999 -999
