10 10
255 255 255   255 255 255   255 255 255   255 255 255   255 255 255   255 255 255   255 255 255   255 255 255   255 255 255   255 255 255
255 255 255   139 69 19     139 69 19     255 255 255   255 255 255   255 255 255   255 255 255   139 69 19     139 69 19     255 255 255
255 255 255   139 69 19     139 69 19     255 255 255   255 255 255   255 255 255   255 255 255   139 69 19     139 69 19     255 255 255
255 255 255   255 255 255   139 69 19     139 69 19     139 69 19     139 69 19     139 69 19     139 69 19     255 255 255   255 255 255
255 255 255   255 255 255   139 69 19     0 0 0         139 69 19     139 69 19     0 0 0         139 69 19     255 255 255   255 255 255
255 255 255   255 255 255   139 69 19     139 69 19     139 69 19     139 69 19     139 69 19     139 69 19     255 255 255   255 255 255
255 255 255   255 255 255   255 255 255   139 69 19     0 0 0         0 0 0         139 69 19     255 255 255   255 255 255   255 255 255
255 255 255   255 255 255   255 255 255   139 69 19     139 69 19     139 69 19     139 69 19     255 255 255   255 255 255   255 255 255
255 255 255   255 255 255   255 255 255   255 255 255   139 69 19     139 69 19     255 255 255   255 255 255   255 255 255   255 255 255
255 255 255   255 255 255   255 255 255   255 255 255   255 255 255   255 255 255   255 255 255   255 255 255   255 255 255   255 255 255
