12 10
0 255 255   0 255 255   0 255 255   0 255 255   0 255 255   0 255 255   0 255 255   0 255 255   0 255 255   0 255 255   0 255 255   0 255 255
0 255 255   0 255 255   0 255 255   0 255 255   0 255 255   0 255 255   0 255 255   0 255 255   0 255 255   0 255 255   0 255 255   0 255 255
0 255 255   0 255 255   0 255 255   0 255 255   255 165 0   255 165 0   255 165 0   255 165 0   0 255 255   0 255 255   0 255 255   0 255 255
0 255 255   255 165 0   0 255 255   255 165 0   255 165 0   255 165 0   255 165 0   255 165 0   255 165 0   0 255 255   0 255 255   0 255 255
0 255 255   255 165 0   255 165 0   255 165 0   255 165 0   255 165 0   255 165 0   255 165 0   255 165 0   255 165 0   0 0 0       0 255 255
0 255 255   255 165 0   0 255 255   255 165 0   255 165 0   255 165 0   255 165 0   255 165 0   255 165 0   255 165 0   0 255 255   0 255 255
0 255 255   0 255 255   0 255 255   0 255 255   255 165 0   255 165 0   255 165 0   255 165 0   0 255 255   0 255 255   0 255 255   0 255 255
0 255 255   0 255 255   0 255 255   0 255 255   0 255 255   0 255 255   0 255 255   0 255 255   0 255 255   0 255 255   0 255 255   0 255 255
0 255 255   0 255 255   0 128 0     0 128 0     0 255 255   0 255 255   0 255 255   0 255 255   0 128 0     0 255 255   0 255 255   0 255 255
0 255 255   0 128 0     0 128 0     0 128 0     0 255 255   0 255 255   0 255 255   0 128 0     0 128 0     0 128 0     0 255 255   0 255 255
