11 11
0 0 50     0 0 50     0 0 50     0 0 50     0 0 50     255 255 0   0 0 50     0 0 50     0 0 50     0 0 50     0 0 50
0 0 50     0 0 50     0 0 50     0 0 50     255 255 0  255 255 0   255 255 0  0 0 50     0 0 50     0 0 50     0 0 50
0 0 50     0 0 50     0 0 50     255 255 0  255 255 0  255 255 0   255 255 0  255 255 0  0 0 50     0 0 50     0 0 50
0 0 50     255 255 0  255 255 0  255 255 0  255 255 0  255 255 0   255 255 0  255 255 0  255 255 0  255 255 0  0 0 50
255 255 0  255 255 0  255 255 0  255 255 0  255 255 0  255 255 0   255 255 0  255 255 0  255 255 0  255 255 0  255 255 0
0 0 50     0 0 50     255 255 0  255 255 0  255 255 0  255 255 0   255 255 0  255 255 0  255 255 0  0 0 50     0 0 50
0 0 50     0 0 50     0 0 50     255 255 0  255 255 0  255 255 0   255 255 0  255 255 0  0 0 50     0 0 50     0 0 50
0 0 50     0 0 50     0 0 50     0 0 50     255 255 0  255 255 0   255 255 0  0 0 50     0 0 50     0 0 50     0 0 50
0 0 50     0 0 50     0 0 50     0 0 50     255 255 0  255 255 0   255 255 0  0 0 50     0 0 50     0 0 50     0 0 50
0 0 50     0 0 50     0 0 50     0 0 50     255 255 0  0 0 50      255 255 0  0 0 50     0 0 50     0 0 50     0 0 50
0 0 50     0 0 50     0 0 50     0 0 50     0 0 50     0 0 50      0 0 50     0 0 50     0 0 50     0 0 50     0 0 50
