99 50
-999 -999 -999 -999 -999 -999 -999 -999 -999 -999 -999 -999 -999 -999 -999 -999 -999 -999 -999 -999 -999 -999 -999 -999 -999 -999 -999 -999 -999 -999 -999 -999 -999 -999 -999 -999 -999 -999 -999 -999 -999 -999 -999 -999 -999 -999 -999 -999 -999 -999 -999 -999 -999 -999 -999 -999 -999 -999 -999 -999 -999 -999 -999 -999 -999 -999 -999 -999 -999 -999 -999 -999 -999 -999 -999 2.41 2.42 -999 -999 -999 -999 2.80 2.86 2.89 2.92 2.91 2.98 3.04 -999 -999 -999 -999 -999 -999 -999 -999 -999 -999 -999
-999 -999 -999 -999 -999 -999 -999 -999 -999 -999 -999 -999 -999 -999 -999 -999 -999 -999 -999 -999 -999 -999 -999 -999 -999 -999 -999 -999 -999 -999 -999 -999 -999 -999 -999 -999 -999 -999 -999 -999 -999 -999 -999 -999 -999 -999 -999 -999 -999 -999 -999 -999 -999 -999 -999 -999 -999 -999 -999 -999 -999 -999 -999 -999 -999 -999 -999 -999 -999 -999 -999 -999 -999 2.50 2.50 2.46 2.47 2.57 2.60 2.66 2.74 2.80 2.85 2.90 2.91 2.96 3.09 3.17 3.17 -999 -999 -999 -999 -999 -999 -999 -999 -999 -999
-999 -999 -999 -999 -999 -999 -999 -999 -999 -999 -999 -999 -999 -999 -999 -999 -999 -999 -999 -999 -999 -999 -999 -999 -999 -999 -999 -999 -999 -999 -999 -999 -999 -999 -999 -999 -999 -999 -999 -999 -999 -999 -999 -999 -999 -999 -999 -999 -999 -999 -999 -999 -999 -999 -999 -999 -999 -999 -999 -999 -999 -999 -999 -999 -999 -999 -999 -999 -999 -999 -999 -999 2.46 2.49 2.50 2.51 2.54 2.59 2.60 2.65 2.75 2.80 2.85 2.91 2.95 3.03 3.15 3.20 3.24 -999 -999 -999 -999 -999 -999 -999 -999 -999 -999
-999 -999 -999 -999 -999 -999 -999 -999 -999 -999 -999 -999 -999 -999 -999 -999 -999 -999 -999 -999 -999 -999 -999 -999 -999 -999 -999 -999 -999 -999 -999 -999 -999 -999 -999 -999 -999 -999 -999 -999 -999 -999 -999 -999 -999 -999 -999 -999 -999 -999 -999 -999 -999 -999 -999 -999 -999 -999 -999 1.99 1.97 -999 1.74 -999 -999 -999 -999 -999 -999 -999 2.41 2.43 2.46 2.49 2.50 2.53 2.56 2.60 2.61 2.65 2.76 2.81 2.87 2.95 3.01 3.09 3.19 3.27 3.35 3.42 3.46 3.54 -999 -999 -999 -999 -999 -999 -999
-999 -999 -999 -999 -999 -999 -999 -999 -999 -999 -999 -999 -999 -999 -999 -999 -999 -999 -999 -999 -999 -999 -999 -999 -999 -999 -999 -999 -999 -999 -999 -999 -999 -999 -999 -999 -999 -999 -999 -999 -999 -999 -999 -999 -999 -999 -999 -999 -999 -999 -999 -999 -999 -999 -999 -999 -999 -999 -999 1.98 1.96 -999 1.77 1.86 2.01 2.12 -999 -999 -999 -999 2.40 2.43 2.46 2.48 2.50 2.52 2.56 2.60 2.62 2.68 2.77 2.86 2.96 3.03 3.08 3.16 3.27 3.38 3.47 3.50 3.55 3.67 3.79 -999 -999 -999 -999 -999 -999
-999 -999 -999 -999 -999 -999 -999 -999 -999 -999 -999 -999 -999 -999 -999 -999 -999 -999 -999 -999 -999 -999 -999 -999 -999 -999 -999 -999 -999 -999 -999 -999 -999 -999 -999 -999 -999 -999 -999 -999 -999 -999 -999 -999 -999 -999 -999 -999 -999 -999 -999 -999 -999 -999 -999 -999 -999 -999 -999 1.98 1.97 1.94 1.91 1.95 2.07 2.19 2.28 2.32 2.34 2.36 2.40 2.43 2.45 2.47 2.47 2.49 2.55 2.60 2.64 2.70 2.79 2.92 3.12 3.19 3.14 3.20 3.32 3.41 3.53 3.64 3.66 3.84 4.06 4.03 -999 4.03 4.16 4.10 -999
-999 -999 -999 -999 -999 -999 -999 -999 -999 -999 -999 -999 -999 -999 -999 -999 -999 -999 -999 -999 -999 -999 -999 -999 -999 -999 -999 -999 -999 -999 -999 -999 -999 -999 -999 -999 -999 -999 -999 -999 -999 -999 -999 -999 -999 -999 -999 -999 -999 -999 -999 -999 -999 -999 -999 -999 -999 -999 -999 -999 1.97 1.96 1.93 1.99 2.12 2.26 2.38 2.39 2.36 2.37 2.40 2.43 2.46 2.46 2.43 2.44 2.54 2.60 2.65 2.70 2.79 2.93 3.15 3.22 3.16 3.22 3.34 3.45 3.68 3.79 3.75 3.91 4.10 4.00 3.90 3.98 4.12 4.05 3.89
-999 -999 -999 -999 -999 -999 -999 -999 -999 -999 -999 -999 -999 -999 -999 -999 -999 -999 -999 -999 -999 -999 -999 -999 -999 -999 -999 -999 -999 -999 -999 -999 -999 -999 -999 -999 -999 -999 -999 -999 -999 -999 -999 -999 -999 -999 -999 -999 -999 -999 -999 -999 -999 -999 -999 -999 -999 -999 -999 -999 1.97 1.99 2.01 2.08 2.19 2.30 2.45 2.43 2.37 2.38 2.41 2.45 2.47 2.47 2.46 2.49 2.57 2.60 2.65 2.69 2.73 2.85 3.01 3.09 3.14 3.23 3.33 3.45 3.59 3.71 3.87 3.98 3.97 3.95 3.92 3.92 3.95 3.90 3.80
-999 -999 -999 -999 -999 -999 -999 -999 -999 -999 -999 -999 -999 -999 -999 -999 -999 -999 -999 -999 -999 -999 -999 -999 -999 -999 -999 -999 -999 -999 -999 -999 -999 -999 -999 -999 -999 -999 -999 -999 -999 -999 -999 -999 -999 -999 -999 -999 -999 -999 -999 -999 -999 -999 -999 -999 -999 -999 -999 -999 1.97 2.00 2.04 2.16 2.29 2.31 2.35 2.36 2.36 2.38 2.42 2.46 2.49 2.49 2.49 2.53 2.58 2.60 2.66 2.66 2.65 2.79 2.92 3.03 3.14 3.26 3.36 3.44 3.54 3.71 4.00 4.13 4.04 4.07 4.01 3.94 3.87 3.80 3.70
-999 -999 -999 -999 -999 -999 -999 -999 -999 -999 -999 -999 -999 -999 -999 -999 -999 -999 -999 -999 -999 -999 -999 -999 -999 -999 -999 -999 -999 -999 -999 -999 -999 -999 -999 -999 -999 -999 -999 -999 -999 -999 -999 -999 -999 -999 -999 -999 -999 -999 -999 -999 -999 -999 -999 -999 -999 -999 -999 1.71 1.85 1.97 2.04 2.18 2.34 2.31 2.30 2.32 2.35 2.40 2.44 2.46 2.47 2.48 2.48 2.49 2.52 2.59 2.72 2.79 2.72 2.80 2.91 3.03 3.18 3.37 3.50 3.48 3.51 3.65 3.86 3.99 4.11 4.25 4.15 4.05 3.90 3.78 3.69
-999 -999 -999 -999 -999 -999 -999 -999 -999 -999 -999 -999 -999 -999 -999 -999 -999 -999 -999 -999 -999 -999 -999 -999 -999 -999 -999 -999 -999 -999 -999 -999 -999 -999 -999 -999 -999 -999 -999 -999 -999 -999 -999 -999 -999 -999 -999 -999 -999 -999 -999 -999 -999 -999 -999 -999 1.79 1.78 1.73 1.53 1.55 1.86 2.01 2.11 2.20 2.26 2.30 2.31 2.34 2.41 2.48 2.47 2.46 2.46 2.45 2.39 2.37 2.53 2.72 2.84 2.79 2.83 2.92 3.04 3.21 3.48 3.65 3.52 3.48 3.56 3.70 3.85 4.03 4.18 4.41 4.20 3.99 -999 -999
-999 -999 -999 -999 -999 -999 -999 -999 -999 -999 -999 -999 -999 -999 -999 -999 -999 -999 -999 -999 -999 -999 -999 -999 -999 -999 -999 1.55 1.56 1.56 -999 -999 -999 -999 -999 -999 -999 -999 -999 -999 -999 -999 -999 -999 -999 -999 -999 -999 -999 1.39 1.48 1.54 1.65 1.68 1.72 1.75 1.76 1.76 1.72 1.56 1.58 1.84 1.98 2.08 2.13 2.28 2.36 2.32 2.34 2.39 2.44 2.45 2.45 2.45 2.43 2.33 2.27 2.47 2.64 2.75 2.80 2.87 2.97 3.07 3.18 3.36 3.49 3.44 3.42 3.48 3.58 3.75 3.88 4.06 4.24 4.26 -999 -999 -999
-999 -999 -999 -999 -999 -999 -999 -999 -999 -999 -999 -999 -999 -999 -999 -999 -999 -999 -999 -999 -999 -999 -999 -999 -999 -999 -999 1.53 1.53 1.54 1.55 1.57 -999 -999 -999 -999 -999 -999 1.53 1.55 -999 -999 -999 -999 -999 -999 -999 1.48 1.35 1.25 1.36 1.46 1.56 1.65 1.70 1.71 1.70 1.70 1.71 1.72 1.78 1.87 1.90 1.99 2.07 2.20 2.29 2.29 2.33 2.38 2.42 2.44 2.45 2.45 2.44 2.41 2.41 2.51 2.62 2.71 2.80 2.92 3.06 3.15 3.16 3.22 3.28 3.31 3.35 3.40 3.46 -999 3.81 3.94 4.04 -999 -999 -999 -999
-999 -999 -999 -999 -999 -999 -999 -999 -999 -999 -999 -999 -999 -999 -999 -999 -999 -999 -999 -999 -999 -999 -999 -999 -999 -999 -999 1.45 1.47 1.51 1.54 1.56 -999 -999 -999 -999 -999 1.35 1.44 1.52 1.60 1.64 1.66 1.67 1.66 1.64 1.60 1.53 1.41 1.31 1.31 1.32 1.49 1.61 1.67 1.67 1.60 1.56 1.64 1.74 1.83 1.87 1.83 1.81 1.98 2.13 2.21 2.27 2.34 2.41 2.46 2.47 2.46 2.46 2.46 2.47 2.49 2.55 2.62 2.71 2.81 2.96 3.16 3.26 3.17 3.14 3.18 3.21 -999 -999 -999 -999 -999 -999 -999 -999 -999 -999 -999
-999 -999 -999 -999 -999 -999 -999 -999 -999 -999 -999 -999 -999 -999 -999 -999 -999 -999 -999 -999 -999 -999 -999 -999 -999 -999 -999 1.36 1.39 1.48 1.52 1.55 -999 -999 -999 1.46 1.35 1.22 1.27 1.45 1.57 1.63 1.65 1.66 1.65 1.63 1.59 1.55 1.49 1.44 1.34 1.32 1.48 1.59 1.65 1.65 1.55 1.45 1.52 1.68 1.82 1.88 1.87 1.84 2.03 2.15 2.20 2.27 2.35 2.45 2.56 2.52 2.47 2.46 2.45 2.48 2.52 2.57 2.63 2.71 2.82 2.94 3.09 3.17 3.12 3.09 3.11 -999 -999 -999 -999 -999 -999 -999 -999 -999 -999 -999 -999
-999 -999 -999 -999 -999 -999 -999 -999 -999 -999 -999 -999 -999 -999 -999 -999 -999 -999 -999 -999 -999 -999 -999 -999 -999 -999 -999 1.34 1.39 1.48 1.51 1.53 -999 -999 -999 1.44 1.29 1.07 1.13 1.41 1.56 1.62 1.65 1.65 1.64 1.61 1.56 1.51 1.50 1.50 1.46 1.41 1.45 1.57 1.63 1.65 1.62 1.56 1.47 1.65 1.82 1.89 1.93 1.99 2.13 2.18 2.21 2.29 2.38 2.46 2.52 2.50 2.47 2.45 2.42 2.46 2.52 2.58 2.64 2.72 2.82 2.91 3.00 3.04 3.05 3.05 -999 -999 -999 -999 -999 -999 -999 -999 -999 -999 -999 -999 -999
-999 -999 -999 -999 -999 -999 -999 -999 -999 -999 -999 -999 -999 -999 -999 -999 -999 -999 -999 -999 -999 -999 -999 -999 -999 -999 -999 1.65 1.63 1.52 1.49 1.51 1.53 -999 -999 -999 1.36 1.25 1.29 1.46 1.58 1.63 1.65 1.65 1.63 1.60 1.53 1.39 1.42 1.53 1.52 1.40 1.43 1.57 1.59 1.63 1.68 1.68 1.66 1.75 1.83 1.85 1.92 2.02 2.11 2.17 2.22 2.30 2.41 2.48 2.47 2.47 2.47 2.46 2.45 2.48 2.53 2.59 2.65 2.74 2.85 2.95 3.00 3.00 -999 -999 -999 -999 -999 -999 -999 -999 -999 -999 -999 -999 -999 -999 -999
-999 -999 -999 -999 -999 -999 -999 -999 -999 -999 -999 -999 -999 -999 -999 -999 -999 -999 -999 -999 -999 -999 -999 -999 -999 -999 -999 1.63 1.63 1.42 1.38 1.47 1.53 1.55 -999 -999 1.50 1.47 1.48 1.55 1.61 1.64 1.65 1.65 1.62 1.58 1.54 1.44 1.47 1.59 1.61 1.57 1.58 1.61 1.55 1.61 1.73 1.77 1.80 1.83 1.80 1.69 1.84 2.02 2.11 2.18 2.23 2.30 2.38 2.44 2.44 2.46 2.48 2.50 2.50 2.51 2.55 2.61 2.68 2.77 2.91 3.08 3.16 -999 -999 -999 -999 -999 -999 -999 -999 -999 -999 -999 -999 -999 -999 -999 -999
-999 -999 -999 -999 -999 -999 -999 -999 -999 -999 -999 -999 -999 -999 -999 -999 -999 -999 -999 -999 -999 -999 1.50 1.51 -999 1.54 1.55 1.54 1.48 1.19 1.24 1.46 1.54 1.56 -999 -999 1.56 1.57 1.59 1.62 1.64 1.65 1.65 1.64 1.61 1.53 1.56 1.60 1.63 1.68 1.70 1.68 1.65 1.64 1.67 1.72 1.79 1.84 1.87 1.89 1.85 1.75 1.89 2.06 2.14 2.20 2.25 2.30 2.36 2.40 2.43 2.47 2.51 2.56 2.56 2.55 2.59 2.65 2.72 2.80 2.94 3.16 3.26 -999 -999 -999 -999 -999 -999 -999 -999 -999 -999 -999 -999 -999 -999 -999 -999
-999 -999 -999 -999 -999 -999 -999 -999 -999 -999 -999 -999 -999 -999 -999 -999 -999 -999 -999 -999 1.43 1.45 1.46 1.50 1.52 1.51 1.55 1.55 1.50 1.39 1.45 1.51 1.56 1.56 1.55 1.58 -999 1.61 1.63 1.65 1.66 1.65 1.62 1.62 1.63 1.59 1.62 1.69 1.74 1.78 1.79 1.76 1.68 1.67 1.75 1.81 1.86 1.89 1.92 1.95 1.96 1.97 2.04 2.14 2.21 2.24 2.27 2.31 2.35 2.39 2.43 2.48 2.55 2.65 2.65 2.61 2.64 2.72 2.81 2.85 2.91 3.07 3.16 -999 -999 -999 -999 -999 -999 -999 -999 -999 -999 -999 -999 -999 -999 -999 -999
-999 -999 -999 -999 -999 -999 -999 -999 -999 -999 -999 -999 -999 -999 -999 -999 -999 -999 -999 -999 -999 1.42 1.42 1.48 1.52 1.53 1.57 1.59 1.58 1.56 1.55 1.58 1.60 1.55 1.53 1.59 1.63 1.65 -999 1.67 1.67 1.67 1.64 1.64 1.67 1.69 1.74 1.79 1.81 1.86 1.87 1.87 1.82 1.79 1.82 1.87 1.90 1.92 1.95 1.99 2.02 2.02 2.09 2.23 2.28 2.27 2.30 2.33 2.36 2.40 2.44 2.49 2.56 2.63 2.64 2.63 2.69 2.85 3.01 2.96 2.89 -999 -999 -999 -999 -999 -999 -999 -999 -999 -999 -999 -999 -999 -999 -999 -999 -999 -999
-999 -999 -999 -999 -999 -999 -999 -999 -999 -999 -999 -999 -999 -999 -999 -999 -999 -999 -999 -999 1.36 1.41 1.43 1.49 1.55 1.58 1.63 1.67 1.69 1.69 1.69 1.71 1.65 1.60 1.59 1.62 1.65 1.66 1.68 -999 1.69 1.69 1.68 1.69 1.71 1.75 1.82 1.88 1.85 1.87 1.89 1.96 1.92 1.86 1.87 1.89 1.91 1.94 1.99 2.03 2.05 2.03 2.11 2.22 2.27 2.31 2.36 2.36 2.38 2.42 2.46 2.50 2.56 2.62 2.63 2.64 2.72 2.92 3.14 3.03 2.91 -999 -999 -999 -999 -999 -999 -999 -999 -999 -999 -999 -999 -999 -999 -999 -999 -999 -999
-999 -999 -999 -999 -999 -999 -999 -999 -999 -999 -999 1.33 1.20 1.08 0.89 0.68 0.50 0.93 0.95 1.05 1.28 1.41 1.47 1.52 1.58 1.63 1.69 1.78 1.83 1.81 1.82 1.86 1.73 1.64 1.64 1.65 1.67 1.68 1.69 1.70 1.70 1.70 1.71 1.72 1.74 1.77 1.82 1.85 1.84 1.84 1.87 1.91 1.90 1.88 1.89 1.91 1.94 1.98 2.02 2.07 2.10 2.13 2.17 2.22 2.28 2.35 2.39 2.39 2.41 2.45 2.48 2.52 2.59 2.67 2.66 2.64 2.69 2.82 2.95 2.93 -999 -999 -999 -999 -999 -999 -999 -999 -999 -999 -999 -999 -999 -999 -999 -999 -999 -999 -999
-999 -999 -999 -999 -999 -999 -999 -999 -999 -999 1.36 1.31 1.22 1.08 0.85 0.39 0.54 0.89 0.96 1.05 1.27 1.41 1.49 1.55 1.60 1.66 1.73 1.87 1.96 1.92 1.92 1.84 1.76 1.70 1.68 1.68 1.68 1.69 1.70 1.70 1.71 1.70 1.72 1.73 1.74 1.77 1.79 1.81 1.82 1.82 1.84 1.87 1.88 1.88 1.89 1.92 1.97 2.01 2.06 2.09 2.14 2.18 2.20 2.25 2.33 2.39 2.40 2.41 2.45 2.51 2.52 2.53 2.57 2.63 2.63 2.61 2.65 2.71 2.77 2.83 -999 -999 -999 -999 -999 -999 -999 -999 -999 -999 -999 -999 -999 -999 -999 -999 -999 -999 -999
-999 -999 -999 -999 -999 -999 -999 -999 -999 1.43 1.38 1.32 1.24 1.12 0.95 0.77 0.79 0.98 1.08 1.18 1.31 1.42 1.50 1.56 1.61 1.65 1.72 1.84 1.91 1.92 1.91 1.82 1.76 1.72 1.70 1.70 1.70 1.70 1.70 1.71 1.71 1.72 1.73 1.73 1.74 1.76 1.78 1.80 1.81 1.81 1.83 1.86 1.87 1.85 1.85 1.92 1.98 2.04 2.08 2.11 2.15 2.20 2.23 2.29 2.42 2.53 2.45 2.44 2.49 2.58 2.55 2.53 2.55 2.57 2.57 2.58 2.60 2.65 2.68 -999 -999 -999 -999 -999 -999 -999 -999 -999 -999 -999 -999 -999 -999 -999 -999 -999 -999 -999 -999
-999 -999 -999 -999 -999 -999 -999 -999 -999 1.43 1.39 1.34 1.28 1.20 1.11 1.04 1.04 1.07 1.13 1.24 1.35 1.44 1.51 1.56 1.60 1.62 1.66 1.83 2.03 1.95 1.86 1.80 1.76 1.73 1.71 1.70 1.70 1.70 1.70 1.70 1.73 1.77 1.76 1.73 1.73 1.74 1.76 1.79 1.81 1.82 1.84 1.86 1.87 1.84 1.84 1.92 1.99 2.05 2.09 2.12 2.16 2.22 2.27 2.30 2.38 2.48 2.45 2.45 2.48 2.53 2.53 2.53 2.55 2.55 2.53 2.54 2.57 -999 -999 -999 -999 -999 -999 -999 -999 -999 -999 -999 -999 -999 -999 -999 -999 -999 -999 -999 -999 -999 -999
-999 -999 -999 -999 -999 -999 -999 -999 -999 -999 -999 1.36 1.33 1.27 1.22 1.17 1.12 1.03 1.10 1.27 1.38 1.45 1.52 1.56 1.56 1.56 1.62 1.81 2.08 1.97 1.84 1.78 1.75 1.73 1.71 1.70 1.70 1.70 1.69 1.68 1.69 1.74 1.74 1.71 1.70 1.70 1.73 1.77 1.80 1.82 1.84 1.87 1.88 1.89 1.91 1.95 2.00 2.05 2.09 2.13 2.16 2.22 2.28 2.28 2.26 2.34 2.45 2.48 2.48 2.50 2.53 2.55 2.57 2.57 2.52 2.53 2.56 -999 -999 -999 -999 -999 -999 -999 -999 -999 -999 -999 -999 -999 -999 -999 -999 -999 -999 -999 -999 -999 -999
-999 -999 -999 -999 -999 -999 -999 -999 -999 -999 1.44 1.40 1.37 1.33 1.29 1.25 1.20 1.14 1.20 1.30 1.38 1.46 1.52 1.55 1.53 1.44 1.57 1.74 1.85 1.85 1.80 1.77 1.74 1.72 1.71 1.70 1.70 1.70 1.68 1.63 1.58 1.64 1.68 1.66 1.62 1.61 1.68 1.74 1.78 1.81 1.83 1.86 1.90 1.92 1.94 1.96 2.01 2.06 2.10 2.13 2.12 2.17 2.25 2.28 2.26 2.34 2.45 2.48 2.50 2.52 2.55 2.59 2.64 2.67 2.62 2.58 2.57 -999 -999 -999 -999 -999 -999 -999 -999 -999 -999 -999 -999 -999 -999 -999 -999 -999 -999 -999 -999 -999 -999
-999 -999 -999 -999 -999 -999 -999 -999 -999 -999 1.45 1.43 1.40 1.38 1.35 1.32 1.30 1.29 1.30 1.31 1.39 1.47 1.53 1.57 1.57 1.57 1.65 1.72 1.77 1.78 1.77 1.76 1.74 1.72 1.70 1.70 1.70 1.69 1.67 1.61 1.54 1.60 1.64 1.62 1.52 1.47 1.62 1.72 1.77 1.77 1.78 1.85 1.90 1.93 1.92 1.94 2.00 2.06 2.11 2.15 2.15 2.19 2.27 2.32 2.36 2.42 2.49 2.52 2.54 2.55 2.58 2.64 2.74 2.84 2.74 2.68 -999 -999 -999 -999 -999 -999 -999 -999 -999 -999 -999 -999 -999 -999 -999 -999 -999 -999 -999 -999 -999 -999 -999
-999 -999 -999 -999 -999 -999 -999 -999 -999 -999 -999 1.44 1.42 1.41 1.40 1.38 1.37 1.37 1.36 1.35 1.42 1.49 1.55 1.59 1.64 1.70 1.79 1.78 1.76 1.76 1.78 1.80 1.78 1.73 1.71 1.70 1.69 1.68 1.67 1.64 1.61 1.62 1.62 1.60 1.53 1.51 1.62 1.72 1.76 1.74 1.74 1.84 1.91 1.94 1.93 1.95 2.01 2.08 2.13 2.17 2.20 2.25 2.31 2.38 2.45 2.55 2.63 2.63 2.61 2.61 2.63 2.67 2.75 2.84 2.78 -999 -999 -999 -999 -999 -999 -999 -999 -999 -999 -999 -999 -999 -999 -999 -999 -999 -999 -999 -999 -999 -999 -999 -999
-999 -999 -999 -999 -999 -999 -999 -999 -999 -999 -999 -999 -999 1.43 1.43 1.42 1.41 1.40 1.40 1.42 1.46 1.51 1.56 1.61 1.66 1.76 1.87 1.81 1.76 1.76 1.79 1.87 1.83 1.74 1.71 1.70 1.69 1.68 1.67 1.65 1.64 1.61 1.59 1.59 1.55 1.54 1.64 1.73 1.78 1.79 1.81 1.88 1.94 1.97 1.98 2.00 2.05 2.10 2.15 2.20 2.24 2.29 2.36 2.44 2.55 2.69 2.83 2.77 2.69 2.67 2.68 2.71 2.72 2.75 -999 -999 -999 -999 -999 -999 -999 -999 -999 -999 -999 -999 -999 -999 -999 -999 -999 -999 -999 -999 -999 -999 -999 -999 -999
-999 -999 -999 -999 -999 -999 -999 -999 -999 -999 -999 -999 -999 -999 -999 1.43 1.42 1.41 1.41 1.45 1.49 1.53 1.57 1.61 1.65 1.72 1.78 1.77 1.75 1.76 1.78 1.81 1.78 1.72 1.69 1.68 1.67 1.67 1.66 1.65 1.63 1.59 1.52 1.57 1.61 1.63 1.69 1.76 1.80 1.84 1.87 1.91 1.96 1.99 2.00 2.03 2.08 2.13 2.17 2.22 2.28 2.34 2.41 2.50 2.62 2.77 2.88 2.84 2.77 2.74 2.74 2.77 2.75 2.72 -999 -999 -999 -999 -999 -999 -999 -999 -999 -999 -999 -999 -999 -999 -999 -999 -999 -999 -999 -999 -999 -999 -999 -999 -999
-999 -999 -999 -999 -999 -999 -999 -999 -999 -999 -999 -999 -999 -999 -999 -999 -999 -999 -999 1.49 1.52 1.55 1.56 1.58 1.62 1.67 1.71 1.74 1.77 1.78 1.76 1.73 1.68 1.66 1.66 1.65 1.65 1.65 1.64 1.63 1.62 1.60 1.58 1.62 1.66 1.70 1.74 1.78 1.82 1.85 1.88 1.93 1.98 2.00 2.02 2.06 2.11 2.16 2.21 2.25 2.31 2.37 2.45 2.55 2.67 2.82 2.96 2.91 2.85 2.81 2.78 2.79 2.76 2.73 -999 -999 -999 -999 -999 -999 -999 -999 -999 -999 -999 -999 -999 -999 -999 -999 -999 -999 -999 -999 -999 -999 -999 -999 -999
-999 -999 -999 -999 -999 -999 -999 -999 -999 -999 -999 -999 -999 -999 -999 -999 -999 -999 -999 1.52 1.54 1.55 1.55 1.54 1.57 1.63 1.69 1.75 1.84 1.87 1.78 1.67 1.57 1.57 1.61 1.62 1.62 1.62 1.62 1.59 1.57 1.60 1.63 1.67 1.70 1.73 1.75 1.78 1.83 1.85 1.83 1.97 2.01 2.02 2.05 2.10 2.16 2.21 2.25 2.28 2.34 2.41 2.49 2.59 2.70 2.83 2.94 2.99 3.00 2.93 2.81 2.79 -999 -999 -999 -999 -999 -999 -999 -999 -999 -999 -999 -999 -999 -999 -999 -999 -999 -999 -999 -999 -999 -999 -999 -999 -999 -999 -999
-999 -999 -999 -999 -999 -999 -999 -999 -999 -999 -999 -999 -999 -999 -999 -999 -999 -999 -999 1.54 1.55 1.55 1.53 1.51 1.54 1.60 1.67 1.75 1.89 1.95 1.79 1.66 1.55 1.54 1.57 1.57 1.58 1.59 1.60 1.57 1.52 1.59 1.65 1.69 1.72 1.74 1.72 1.75 1.83 1.87 1.90 2.05 2.05 2.04 2.08 2.14 2.20 2.27 2.29 2.31 2.38 2.46 2.54 2.64 2.75 2.89 3.05 3.26 3.28 3.12 -999 -999 -999 -999 -999 -999 -999 -999 -999 -999 -999 -999 -999 -999 -999 -999 -999 -999 -999 -999 -999 -999 -999 -999 -999 -999 -999 -999 -999
-999 -999 -999 -999 -999 -999 -999 -999 -999 -999 -999 -999 -999 -999 -999 -999 -999 -999 -999 1.55 1.56 1.56 1.54 1.52 1.53 1.57 1.64 1.71 1.79 1.82 1.75 1.66 1.60 1.56 1.53 1.48 1.49 1.54 1.58 1.59 1.59 1.61 1.66 1.71 1.74 1.75 1.75 1.78 1.84 1.88 1.94 2.00 2.03 2.05 2.11 2.18 2.25 2.29 2.30 2.34 2.44 2.53 2.61 2.70 2.83 3.00 3.21 3.42 3.45 -999 -999 -999 -999 -999 -999 -999 -999 -999 -999 -999 -999 -999 -999 -999 -999 -999 -999 -999 -999 -999 -999 -999 -999 -999 -999 -999 -999 -999 -999
-999 -999 -999 -999 -999 -999 -999 -999 -999 -999 -999 -999 -999 -999 -999 -999 -999 -999 -999 1.57 1.57 1.57 1.55 1.50 1.46 1.52 1.61 1.68 1.73 1.75 1.72 1.66 1.61 1.55 1.45 1.32 1.34 1.47 1.55 1.59 1.61 1.63 1.68 1.72 1.76 1.78 1.80 1.82 1.83 1.88 1.93 1.98 2.02 2.06 2.12 2.23 2.33 2.32 2.31 2.38 2.53 2.68 2.71 2.76 2.92 3.16 3.40 3.65 3.77 3.58 -999 -999 -999 -999 -999 -999 -999 -999 -999 -999 -999 -999 -999 -999 -999 -999 -999 -999 -999 -999 -999 -999 -999 -999 -999 -999 -999 -999 -999
-999 -999 -999 -999 -999 -999 -999 -999 -999 -999 -999 -999 -999 -999 -999 -999 -999 -999 -999 1.58 1.59 1.59 1.56 1.49 1.43 1.50 1.59 1.67 1.74 1.78 1.72 1.65 1.59 1.52 1.42 1.28 1.30 1.43 1.51 1.57 1.61 1.65 1.69 1.73 1.77 1.80 1.82 1.83 1.81 1.87 1.94 1.99 2.02 2.04 2.10 2.22 2.35 2.33 2.32 2.40 2.61 2.84 2.81 2.81 3.01 3.39 3.76 3.87 3.98 3.72 -999 -999 -999 -999 -999 -999 -999 -999 -999 -999 -999 -999 -999 -999 -999 -999 -999 -999 -999 -999 -999 -999 -999 -999 -999 -999 -999 -999 -999
-999 -999 -999 -999 -999 -999 -999 -999 -999 -999 -999 -999 -999 -999 -999 -999 -999 -999 -999 1.58 1.58 1.59 1.56 1.53 1.51 1.54 1.59 1.65 1.71 1.74 1.69 1.64 1.58 1.51 1.42 1.34 1.31 1.38 1.45 1.53 1.60 1.65 1.70 1.74 1.78 1.81 1.83 1.85 1.86 1.90 1.96 2.00 2.03 2.01 2.07 2.18 2.25 2.29 2.31 2.36 2.54 2.73 2.75 2.81 3.05 3.53 4.05 4.06 -999 -999 -999 -999 -999 -999 -999 -999 -999 -999 -999 -999 -999 -999 -999 -999 -999 -999 -999 -999 -999 -999 -999 -999 -999 -999 -999 -999 -999 -999 -999
-999 -999 -999 -999 -999 -999 -999 -999 -999 -999 -999 -999 -999 -999 -999 -999 -999 -999 -999 -999 1.57 1.57 1.56 1.55 1.55 1.56 1.58 1.61 1.64 1.66 1.64 1.61 1.57 1.50 1.42 1.29 1.23 1.29 1.35 1.47 1.57 1.65 1.70 1.75 1.79 1.80 1.79 1.87 1.91 1.94 1.98 2.03 2.06 2.08 2.12 2.17 2.22 2.27 2.30 2.33 2.45 2.58 2.66 2.77 2.99 3.33 3.77 -999 -999 -999 -999 -999 -999 -999 -999 -999 -999 -999 -999 -999 -999 -999 -999 -999 -999 -999 -999 -999 -999 -999 -999 -999 -999 -999 -999 -999 -999 -999 -999
-999 -999 -999 -999 -999 -999 -999 -999 -999 -999 -999 -999 -999 -999 -999 -999 -999 -999 -999 -999 1.55 1.55 1.54 1.55 1.55 1.55 1.55 1.56 1.59 1.61 1.60 1.58 1.55 1.50 1.42 1.32 1.23 1.11 1.14 1.37 1.54 1.64 1.71 1.76 1.79 1.80 1.75 1.92 1.95 1.96 2.00 2.05 2.11 2.19 2.20 2.18 2.21 2.25 2.29 2.31 -999 2.56 2.62 2.72 2.91 3.09 -999 -999 -999 -999 -999 -999 -999 -999 -999 -999 -999 -999 -999 -999 -999 -999 -999 -999 -999 -999 -999 -999 -999 -999 -999 -999 -999 -999 -999 -999 -999 -999 -999
-999 -999 -999 -999 -999 -999 -999 -999 -999 -999 -999 -999 -999 -999 -999 -999 -999 -999 -999 -999 1.54 1.52 1.52 1.53 1.54 1.53 1.51 1.53 1.56 1.57 1.57 1.56 1.54 1.51 1.45 1.35 1.19 0.90 0.95 1.32 1.52 1.63 1.71 1.76 1.80 1.82 1.84 1.90 1.94 1.98 2.01 2.06 2.11 2.22 2.24 2.19 2.20 2.23 2.27 -999 -999 -999 -999 -999 -999 -999 -999 -999 -999 -999 -999 -999 -999 -999 -999 -999 -999 -999 -999 -999 -999 -999 -999 -999 -999 -999 -999 -999 -999 -999 -999 -999 -999 -999 -999 -999 -999 -999 -999
-999 -999 -999 -999 -999 -999 -999 -999 -999 -999 -999 -999 -999 -999 -999 -999 -999 -999 -999 -999 -999 1.51 1.50 1.52 1.53 1.53 1.52 1.53 1.54 1.53 1.53 1.53 1.54 1.52 1.47 1.40 1.29 -999 -999 -999 1.55 1.64 1.71 1.75 -999 1.84 1.86 1.91 1.95 1.99 2.00 2.05 2.11 2.17 2.21 2.18 2.19 2.22 2.25 -999 -999 -999 -999 -999 -999 -999 -999 -999 -999 -999 -999 -999 -999 -999 -999 -999 -999 -999 -999 -999 -999 -999 -999 -999 -999 -999 -999 -999 -999 -999 -999 -999 -999 -999 -999 -999 -999 -999 -999
-999 -999 -999 -999 -999 -999 -999 -999 -999 -999 -999 -999 -999 -999 -999 -999 -999 -999 -999 -999 -999 1.49 1.50 1.51 1.52 1.53 1.53 1.53 1.52 1.48 1.46 1.50 1.53 1.53 1.51 1.45 -999 -999 -999 -999 -999 -999 -999 -999 -999 -999 -999 -999 -999 -999 -999 -999 -999 -999 -999 -999 -999 -999 -999 -999 -999 -999 -999 -999 -999 -999 -999 -999 -999 -999 -999 -999 -999 -999 -999 -999 -999 -999 -999 -999 -999 -999 -999 -999 -999 -999 -999 -999 -999 -999 -999 -999 -999 -999 -999 -999 -999 -999 -999
-999 -999 1.43 1.42 -999 -999 -999 -999 -999 -999 -999 -999 -999 -999 -999 -999 -999 -999 -999 1.38 1.42 1.45 1.46 1.49 1.51 1.52 1.53 1.53 1.51 1.44 1.42 1.48 1.52 1.54 1.53 -999 -999 -999 -999 -999 -999 -999 -999 -999 -999 -999 -999 -999 -999 -999 -999 -999 -999 -999 -999 -999 -999 -999 -999 -999 -999 -999 -999 -999 -999 -999 -999 -999 -999 -999 -999 -999 -999 -999 -999 -999 -999 -999 -999 -999 -999 -999 -999 -999 -999 -999 -999 -999 -999 -999 -999 -999 -999 -999 -999 -999 -999 -999 -999
1.48 1.46 1.42 1.38 1.34 1.34 1.37 1.40 1.42 -999 -999 -999 -999 -999 -999 -999 1.54 1.49 1.38 1.29 1.35 1.41 1.41 1.47 1.50 1.51 1.53 1.54 -999 1.45 1.44 1.49 -999 -999 -999 -999 -999 -999 -999 -999 -999 -999 -999 -999 -999 -999 -999 -999 -999 -999 -999 -999 -999 -999 -999 -999 -999 -999 -999 -999 -999 -999 -999 -999 -999 -999 -999 -999 -999 -999 -999 -999 -999 -999 -999 -999 -999 -999 -999 -999 -999 -999 -999 -999 -999 -999 -999 -999 -999 -999 -999 -999 -999 -999 -999 -999 -999 -999 -999
1.48 1.44 1.39 1.32 1.27 1.26 1.32 1.38 1.39 1.38 -999 -999 -999 -999 -999 -999 1.57 1.53 1.39 1.24 1.30 1.41 1.44 1.48 1.50 1.51 1.53 -999 -999 -999 -999 -999 -999 -999 -999 -999 -999 -999 -999 -999 -999 -999 -999 -999 -999 -999 -999 -999 -999 -999 -999 -999 -999 -999 -999 -999 -999 -999 -999 -999 -999 -999 -999 -999 -999 -999 -999 -999 -999 -999 -999 -999 -999 -999 -999 -999 -999 -999 -999 -999 -999 -999 -999 -999 -999 -999 -999 -999 -999 -999 -999 -999 -999 -999 -999 -999 -999 -999 -999
-999 1.43 1.37 1.29 1.22 1.22 1.29 1.36 1.36 1.34 1.37 1.44 1.49 1.51 1.53 1.57 1.59 1.56 1.45 1.35 -999 -999 1.46 -999 -999 -999 -999 -999 -999 -999 -999 -999 -999 -999 -999 -999 -999 -999 -999 -999 -999 -999 -999 -999 -999 -999 -999 -999 -999 -999 -999 -999 -999 -999 -999 -999 -999 -999 -999 -999 -999 -999 -999 -999 -999 -999 -999 -999 -999 -999 -999 -999 -999 -999 -999 -999 -999 -999 -999 -999 -999 -999 -999 -999 -999 -999 -999 -999 -999 -999 -999 -999 -999 -999 -999 -999 -999 -999 -999
-999 1.42 1.37 1.30 1.25 1.26 1.31 1.36 1.36 1.32 1.37 1.48 1.49 1.51 1.53 1.55 1.57 1.55 1.49 1.44 -999 -999 -999 -999 -999 -999 -999 -999 -999 -999 -999 -999 -999 -999 -999 -999 -999 -999 -999 -999 -999 -999 -999 -999 -999 -999 -999 -999 -999 -999 -999 -999 -999 -999 -999 -999 -999 -999 -999 -999 -999 -999 -999 -999 -999 -999 -999 -999 -999 -999 -999 -999 -999 -999 -999 -999 -999 -999 -999 -999 -999 -999 -999 -999 -999 -999 -999 -999 -999 -999 -999 -999 -999 -999 -999 -999 -999 -999 -999
-999 -999 -999 -999 -999 1.30 -999 -999 1.37 1.36 1.41 1.49 1.50 1.51 1.53 1.54 1.55 1.53 -999 -999 -999 -999 -999 -999 -999 -999 -999 -999 -999 -999 -999 -999 -999 -999 -999 -999 -999 -999 -999 -999 -999 -999 -999 -999 -999 -999 -999 -999 -999 -999 -999 -999 -999 -999 -999 -999 -999 -999 -999 -999 -999 -999 -999 -999 -999 -999 -999 -999 -999 -999 -999 -999 -999 -999 -999 -999 -999 -999 -999 -999 -999 -999 -999 -999 -999 -999 -999 -999 -999 -999 -999 -999 -999 -999 -999 -999 -999 -999 -999
