96 50
-999 -999 -999 -999 -999 -999 -999 -999 -999 -999 -999 -999 -999 -999 -999 -999 -999 -999 -999 -999 -999 -999 -999 0.17 0.18 0.18 0.18 -999 -999 -999 -999 -999 -999 -999 -999 -999 -999 -999 -999 -999 -999 -999 -999 -999 -999 -999 -999 -999 -999 -999 -999 -999 -999 -999 -999 -999 -999 -999 -999 -999 -999 -999 -999 -999 -999 -999 -999 -999 -999 -999 -999 -999 -999 -999 -999 -999 -999 -999 -999 -999 -999 -999 -999 -999 -999 -999 -999 -999 -999 -999 -999 -999 -999 -999 -999 -999
-999 -999 -999 -999 -999 -999 -999 -999 -999 -999 -999 -999 -999 -999 -999 -999 -999 -999 -999 -999 -999 0.15 0.15 0.16 0.16 0.16 0.17 0.17 0.17 0.18 0.20 0.21 -999 -999 -999 -999 -999 -999 -999 -999 -999 -999 -999 -999 -999 -999 -999 -999 -999 -999 -999 -999 -999 -999 -999 -999 -999 -999 -999 -999 -999 -999 -999 -999 -999 -999 -999 -999 -999 -999 -999 -999 -999 -999 -999 -999 -999 -999 -999 -999 -999 -999 -999 -999 -999 -999 -999 -999 -999 -999 -999 -999 -999 -999 -999 -999
-999 -999 -999 -999 -999 -999 -999 -999 -999 -999 -999 -999 -999 -999 -999 -999 -999 -999 -999 0.16 0.15 0.14 0.13 0.14 0.14 0.15 0.14 0.14 0.15 0.16 0.18 0.20 0.22 -999 -999 -999 -999 -999 -999 -999 -999 -999 -999 -999 -999 -999 -999 -999 -999 -999 -999 -999 -999 -999 -999 -999 -999 -999 -999 -999 -999 -999 -999 -999 -999 -999 -999 -999 -999 -999 -999 -999 -999 -999 -999 -999 -999 -999 -999 -999 -999 -999 -999 -999 -999 -999 -999 -999 -999 -999 -999 -999 -999 -999 -999 -999
-999 -999 -999 -999 -999 -999 -999 -999 -999 -999 -999 -999 -999 -999 -999 -999 -999 -999 -999 -999 0.13 0.12 0.11 0.12 0.13 0.13 0.12 0.11 0.11 0.13 0.16 0.19 0.22 0.24 0.25 -999 -999 -999 -999 -999 -999 -999 -999 -999 -999 -999 -999 -999 -999 -999 -999 -999 -999 -999 -999 -999 -999 -999 -999 -999 -999 -999 -999 -999 -999 -999 -999 -999 -999 -999 -999 -999 -999 -999 -999 -999 -999 -999 -999 -999 -999 -999 -999 -999 -999 -999 -999 -999 -999 -999 -999 -999 -999 -999 -999 -999
-999 -999 -999 -999 -999 -999 -999 -999 -999 -999 -999 -999 -999 -999 -999 -999 -999 -999 -999 0.15 0.13 0.11 0.10 0.11 0.13 0.11 0.08 0.06 0.07 0.10 0.14 0.18 0.21 0.24 0.25 0.25 -999 -999 -999 -999 -999 -999 -999 -999 -999 -999 -999 -999 -999 -999 -999 -999 -999 -999 -999 -999 -999 -999 -999 -999 -999 -999 -999 -999 -999 -999 -999 -999 -999 -999 -999 -999 -999 -999 -999 -999 -999 -999 -999 -999 -999 -999 -999 -999 -999 -999 -999 -999 -999 -999 -999 -999 -999 -999 -999 -999
-999 -999 -999 -999 -999 -999 -999 -999 -999 -999 -999 -999 -999 -999 -999 -999 -999 -999 -999 0.17 0.15 0.12 0.12 0.13 0.13 0.10 0.05 0.02 0.03 0.08 0.13 0.18 0.21 0.24 0.25 0.25 -999 -999 -999 -999 -999 -999 -999 -999 -999 -999 -999 -999 -999 -999 -999 -999 -999 -999 -999 -999 -999 -999 -999 -999 -999 -999 -999 -999 -999 -999 -999 -999 -999 -999 -999 -999 -999 -999 -999 -999 -999 -999 -999 -999 -999 -999 -999 -999 -999 -999 -999 -999 -999 -999 -999 -999 -999 -999 -999 -999
-999 -999 -999 -999 -999 -999 -999 -999 -999 -999 -999 -999 -999 -999 -999 -999 -999 -999 0.24 0.21 0.18 0.16 0.15 0.15 0.14 0.11 0.05 0.01 0.02 0.07 0.13 0.19 0.22 0.25 0.25 0.24 0.23 0.20 -999 -999 -999 -999 -999 -999 -999 -999 -999 -999 -999 -999 -999 -999 -999 -999 -999 -999 -999 -999 -999 -999 -999 -999 -999 -999 -999 -999 -999 -999 -999 -999 -999 -999 -999 -999 -999 -999 -999 -999 -999 -999 -999 -999 -999 -999 -999 -999 -999 -999 -999 -999 -999 -999 -999 -999 -999 -999
-999 -999 -999 -999 -999 -999 -999 -999 -999 -999 -999 -999 -999 -999 -999 -999 0.30 0.29 0.27 0.24 0.22 0.21 0.20 0.19 0.17 0.14 0.09 0.06 0.06 0.11 0.16 0.21 0.24 0.26 0.26 0.24 0.22 0.18 0.14 0.13 0.14 -999 -999 -999 -999 -999 -999 -999 -999 -999 -999 -999 -999 -999 -999 -999 -999 -999 -999 -999 -999 -999 -999 -999 -999 -999 -999 -999 -999 -999 -999 -999 -999 -999 -999 -999 -999 -999 -999 -999 -999 -999 -999 -999 -999 -999 -999 -999 -999 -999 -999 -999 -999 -999 -999 -999
-999 -999 -999 -999 -999 -999 -999 -999 -999 -999 -999 -999 -999 -999 -999 -999 0.31 0.31 0.30 0.28 0.27 0.26 0.25 0.24 0.22 0.20 0.16 0.14 0.14 0.17 0.21 0.24 0.26 0.27 0.27 0.25 0.22 0.17 0.12 0.11 0.14 -999 -999 -999 -999 -999 -999 -999 -999 -999 -999 -999 -999 -999 -999 -999 -999 -999 -999 -999 -999 -999 -999 -999 -999 -999 -999 -999 -999 -999 -999 -999 -999 -999 -999 -999 -999 -999 -999 -999 -999 -999 -999 -999 -999 -999 -999 -999 -999 -999 -999 -999 -999 -999 -999 -999
-999 -999 -999 -999 -999 -999 -999 -999 -999 -999 -999 -999 -999 -999 -999 -999 -999 0.33 0.33 0.32 0.31 0.30 0.30 0.29 0.28 0.27 0.25 0.23 0.23 0.24 0.26 0.28 0.29 0.30 0.29 0.27 0.24 0.19 0.14 0.13 0.17 0.24 0.30 0.34 0.37 -999 -999 -999 -999 -999 -999 -999 -999 -999 -999 -999 -999 -999 -999 -999 -999 -999 -999 -999 -999 -999 -999 -999 -999 -999 -999 -999 -999 -999 -999 -999 -999 -999 -999 -999 -999 -999 -999 -999 -999 -999 -999 -999 -999 -999 -999 -999 -999 -999 -999 1.11
-999 -999 -999 -999 -999 -999 -999 -999 -999 -999 -999 -999 -999 -999 -999 -999 -999 -999 0.37 0.36 0.35 0.35 0.35 0.35 0.35 0.34 0.33 0.31 0.30 0.30 0.30 0.31 0.32 0.32 0.32 0.30 0.28 0.24 0.21 0.20 0.24 0.29 0.33 0.37 0.40 0.42 -999 -999 -999 -999 -999 -999 -999 -999 -999 -999 -999 -999 -999 -999 -999 -999 -999 -999 -999 -999 -999 -999 -999 -999 -999 -999 -999 -999 -999 -999 -999 -999 -999 -999 -999 -999 -999 -999 -999 -999 -999 -999 -999 -999 -999 -999 -999 -999 1.15 1.12
-999 -999 -999 -999 -999 -999 -999 -999 -999 -999 -999 -999 -999 -999 -999 -999 -999 -999 0.40 0.39 0.39 0.39 0.39 0.40 0.40 0.41 0.40 0.38 0.36 0.35 0.35 0.35 0.35 0.35 0.34 0.34 0.32 0.31 0.29 0.30 0.32 0.35 0.38 0.41 0.43 0.44 0.44 0.44 -999 -999 -999 -999 -999 -999 -999 -999 -999 -999 -999 -999 -999 -999 -999 -999 -999 -999 -999 -999 -999 -999 -999 -999 -999 -999 -999 -999 -999 -999 -999 -999 -999 -999 -999 -999 -999 -999 1.24 1.27 -999 -999 -999 -999 1.23 1.20 1.17 1.13
-999 -999 -999 -999 -999 -999 -999 -999 -999 -999 -999 -999 -999 -999 -999 -999 -999 -999 0.43 0.42 0.42 0.42 0.42 0.43 0.45 0.46 0.45 0.43 0.41 0.39 0.38 0.37 0.37 0.37 0.37 0.37 0.37 0.37 0.37 0.37 0.38 0.40 0.42 0.44 0.45 0.46 0.46 0.45 0.43 0.40 0.36 -999 -999 -999 0.26 0.26 -999 -999 0.30 0.32 0.34 0.36 0.39 0.42 0.45 0.48 0.51 0.54 0.58 -999 -999 -999 -999 -999 -999 -999 -999 -999 0.80 0.82 0.85 0.91 0.97 1.03 1.10 1.17 1.23 1.27 1.29 1.31 1.29 1.27 1.24 1.21 1.17 1.14
0.39 0.39 0.40 -999 -999 -999 -999 -999 -999 -999 -999 -999 -999 -999 -999 -999 -999 -999 0.46 0.45 0.45 0.44 0.44 0.46 0.48 0.49 0.48 0.46 0.43 0.41 0.40 0.40 0.40 0.40 0.40 0.40 0.41 0.42 0.43 0.43 0.43 0.44 0.45 0.46 0.47 0.48 0.49 0.47 0.44 0.40 0.35 0.30 0.26 0.24 0.23 0.24 0.25 0.27 0.29 0.31 0.33 0.36 0.39 0.42 0.45 0.48 0.51 0.55 0.59 0.62 0.66 0.69 0.72 0.75 0.76 0.77 0.78 0.79 0.80 0.82 0.85 0.90 0.96 1.03 1.09 1.15 1.23 1.26 1.29 1.29 1.28 1.26 1.24 1.22 -999 -999
0.40 0.40 0.40 0.40 -999 -999 -999 -999 0.42 0.42 -999 -999 -999 -999 -999 -999 0.49 0.50 0.50 0.49 0.47 0.46 0.46 0.47 0.48 0.50 0.49 0.47 0.45 0.43 0.42 0.42 0.42 0.42 0.42 0.43 0.44 0.45 0.47 0.47 0.46 0.46 0.47 0.48 0.49 0.49 0.50 0.48 0.44 0.38 0.32 0.26 0.21 0.18 0.18 0.19 0.21 0.24 0.27 0.29 0.32 0.35 0.38 0.41 0.44 0.48 0.51 0.55 0.60 0.63 0.67 0.71 0.74 0.76 0.77 0.78 0.79 0.79 0.79 -999 -999 -999 -999 -999 -999 -999 -999 -999 -999 -999 -999 -999 -999 -999 -999 -999
0.40 0.40 0.40 0.40 0.41 0.41 0.41 0.42 0.42 0.43 0.43 0.44 0.45 0.46 0.48 0.49 0.51 0.52 0.53 0.52 0.50 0.48 0.47 0.47 0.48 0.48 0.48 0.47 0.45 0.44 0.44 0.43 0.44 0.44 0.44 0.45 0.46 0.47 0.49 0.49 0.48 0.47 0.47 0.49 0.50 0.49 0.49 0.47 0.42 0.35 0.27 0.19 0.13 0.11 0.12 0.14 0.17 0.21 0.25 0.28 0.31 0.34 0.37 0.41 0.44 0.48 0.51 0.56 0.60 0.64 0.68 0.72 0.75 0.77 0.79 0.79 0.79 0.79 0.79 -999 -999 -999 -999 -999 -999 -999 -999 -999 -999 -999 -999 -999 -999 -999 -999 -999
0.40 0.40 0.40 0.41 0.41 0.41 0.42 0.42 0.42 0.43 0.44 0.45 0.46 0.47 0.49 0.51 0.53 0.55 0.56 0.55 0.52 0.49 0.48 0.47 0.47 0.47 0.47 0.46 0.45 0.45 0.45 0.45 0.45 0.46 0.46 0.47 0.47 0.48 0.49 0.50 0.49 0.48 0.47 0.48 0.48 0.48 0.46 0.44 0.38 0.30 0.20 0.10 0.03 0.02 0.05 0.09 0.14 0.18 0.23 0.26 0.30 0.33 0.37 0.40 0.44 0.48 0.51 0.56 0.60 0.65 0.69 0.73 0.76 0.78 0.79 0.80 0.80 0.79 0.79 -999 -999 -999 -999 -999 -999 -999 -999 -999 -999 -999 -999 -999 -999 -999 -999 -999
0.40 0.40 0.40 0.41 0.41 0.41 0.42 0.42 0.43 0.43 0.44 0.45 0.46 0.48 0.49 0.52 0.54 0.57 0.59 0.58 0.54 0.50 0.48 0.47 0.46 0.46 0.46 0.46 0.46 0.46 0.46 0.47 0.47 0.48 0.48 0.48 0.48 0.49 0.49 0.49 0.49 0.48 0.47 0.47 0.47 0.46 0.44 0.41 0.34 0.25 0.13 0.01 -0.06 -0.05 -0.01 0.05 0.11 0.17 0.22 0.26 0.29 0.33 0.36 0.40 0.44 0.47 0.51 0.56 0.60 0.65 0.69 0.73 0.76 0.78 0.79 0.80 0.80 0.79 0.79 0.79 -999 -999 -999 -999 -999 -999 -999 -999 -999 -999 -999 -999 -999 -999 -999 -999
-999 -999 -999 0.41 0.41 0.42 0.42 0.42 0.43 0.43 -999 0.46 0.47 0.48 0.50 0.52 0.54 0.57 0.59 0.58 0.53 0.49 0.47 0.47 0.46 0.46 0.46 0.46 0.46 0.47 0.48 0.49 0.49 0.50 0.50 0.50 0.49 0.49 0.50 0.50 0.49 0.48 0.47 0.46 0.45 0.44 0.42 0.38 0.31 0.22 0.10 -0.02 -0.11 -0.08 -0.03 0.04 0.10 0.16 0.21 0.25 0.29 0.32 0.36 0.40 0.43 0.47 0.51 0.55 0.60 0.64 0.68 0.72 0.75 0.78 0.79 0.79 0.79 0.79 0.79 0.79 -999 -999 -999 -999 -999 -999 -999 -999 -999 -999 -999 -999 -999 -999 -999 -999
-999 -999 -999 -999 -999 -999 -999 -999 -999 -999 -999 -999 -999 0.48 0.49 0.51 0.53 0.55 0.56 0.55 0.51 0.48 0.47 0.48 0.46 0.46 0.46 0.46 0.47 0.48 0.49 0.51 0.53 0.54 0.53 0.52 0.51 0.50 0.50 0.50 0.49 0.48 0.47 0.45 0.45 -999 -999 0.35 0.29 0.21 0.11 0.01 -0.05 -0.05 -0.01 0.05 0.11 0.16 0.21 0.25 0.29 0.32 0.36 0.40 0.43 0.47 0.51 0.55 0.59 0.63 0.67 0.71 0.74 0.76 0.78 0.79 0.79 -999 0.79 0.79 -999 -999 -999 -999 -999 -999 -999 -999 -999 -999 -999 -999 -999 -999 -999 -999
-999 -999 -999 -999 -999 -999 -999 -999 -999 -999 -999 -999 -999 -999 0.49 0.50 0.51 0.52 0.52 0.51 0.49 0.47 0.46 0.44 0.44 0.45 0.45 0.46 0.47 0.49 0.51 0.54 0.57 0.59 0.58 0.56 0.53 0.51 0.50 0.50 0.49 0.48 0.46 0.45 -999 -999 -999 -999 0.28 0.22 0.13 0.06 0.02 0.01 0.04 0.08 0.13 0.18 0.22 0.26 0.29 0.33 0.36 0.40 0.43 0.46 0.50 0.54 0.58 0.62 0.66 0.69 0.72 -999 -999 -999 -999 -999 -999 -999 -999 -999 -999 -999 -999 -999 -999 -999 -999 -999 -999 -999 -999 -999 -999 -999
-999 -999 -999 -999 -999 -999 -999 -999 -999 -999 -999 -999 -999 -999 -999 0.49 0.49 0.50 0.50 0.49 0.47 0.46 0.45 0.43 0.43 0.44 0.45 0.46 0.48 0.50 0.54 0.58 0.63 0.66 0.66 0.62 0.57 0.53 0.51 0.49 0.48 0.47 0.46 0.45 -999 -999 -999 -999 -999 -999 -999 -999 0.07 0.09 0.10 0.13 0.16 0.20 0.24 0.27 0.30 0.33 0.36 0.40 0.43 0.46 0.49 0.53 0.57 0.61 0.64 -999 -999 -999 -999 -999 -999 -999 -999 -999 -999 -999 -999 -999 -999 -999 -999 -999 -999 -999 -999 -999 -999 -999 -999 -999
-999 -999 -999 -999 -999 -999 -999 -999 -999 -999 -999 -999 -999 -999 -999 -999 0.48 0.48 0.48 0.47 0.46 0.45 0.45 0.44 0.44 0.44 0.45 0.46 0.48 0.51 0.55 0.61 0.68 0.74 0.74 0.68 0.61 0.55 0.52 0.50 0.48 0.47 0.46 0.44 -999 -999 -999 -999 -999 -999 -999 -999 -999 0.14 0.16 0.17 0.20 0.23 0.26 0.28 0.31 0.34 0.37 0.40 0.43 0.46 0.49 0.52 0.56 -999 -999 -999 -999 -999 -999 -999 -999 -999 -999 -999 -999 -999 -999 -999 -999 -999 -999 -999 -999 -999 -999 -999 -999 -999 -999 -999
-999 -999 -999 -999 -999 -999 -999 -999 -999 -999 -999 -999 -999 -999 -999 -999 0.46 0.46 0.46 0.46 0.45 0.45 0.44 0.44 0.44 0.44 0.44 0.46 0.48 0.51 0.56 0.63 0.71 0.78 0.78 0.71 0.63 0.57 0.52 0.50 0.48 0.47 0.45 0.44 0.43 -999 -999 -999 -999 -999 -999 -999 -999 -999 0.20 0.21 0.23 0.25 0.28 0.30 0.32 0.34 0.37 0.40 0.43 0.45 -999 -999 -999 -999 -999 -999 -999 -999 -999 -999 -999 -999 -999 -999 -999 -999 -999 -999 -999 -999 -999 -999 -999 -999 -999 -999 -999 -999 -999 -999
-999 -999 -999 -999 -999 -999 -999 -999 -999 -999 -999 -999 -999 -999 -999 -999 0.45 0.45 0.45 0.45 0.45 0.44 0.44 0.43 0.43 0.43 0.43 0.45 0.47 0.51 0.56 0.62 0.69 0.75 0.75 0.69 0.62 0.56 0.52 0.49 0.47 0.46 0.45 0.43 0.42 -999 -999 -999 -999 -999 -999 -999 -999 -999 -999 0.24 0.25 0.26 -999 -999 -999 -999 -999 -999 -999 -999 -999 -999 -999 -999 -999 -999 -999 -999 -999 -999 -999 -999 -999 -999 -999 -999 -999 -999 -999 -999 -999 -999 -999 -999 -999 -999 -999 -999 -999 -999
-999 -999 -999 -999 -999 -999 -999 -999 -999 -999 -999 -999 -999 -999 -999 -999 0.45 0.44 0.44 0.44 0.44 0.43 0.43 0.42 0.41 0.41 0.42 0.44 0.46 0.50 0.54 0.59 0.64 0.68 0.68 0.64 0.59 0.54 0.51 0.48 0.46 0.45 0.44 0.43 0.42 0.40 -999 -999 -999 -999 -999 -999 -999 -999 -999 -999 -999 -999 -999 -999 -999 -999 -999 -999 -999 -999 -999 -999 -999 -999 -999 -999 -999 -999 -999 -999 -999 -999 -999 -999 -999 -999 -999 -999 -999 -999 -999 -999 -999 -999 -999 -999 -999 -999 -999 -999
-999 -999 -999 -999 -999 -999 -999 -999 -999 -999 -999 -999 -999 -999 -999 -999 0.44 0.44 0.44 0.43 0.43 0.43 0.42 0.41 0.40 0.40 0.41 0.43 0.45 0.48 0.51 0.55 0.58 0.60 0.60 0.58 0.54 0.51 0.48 0.46 0.45 0.44 0.43 0.42 0.41 0.40 0.39 -999 -999 -999 -999 -999 -999 -999 -999 -999 -999 -999 -999 -999 -999 -999 -999 -999 -999 -999 -999 -999 -999 -999 -999 -999 -999 -999 -999 -999 -999 -999 -999 -999 -999 -999 -999 -999 -999 -999 -999 -999 -999 -999 -999 -999 -999 -999 -999 -999
-999 -999 -999 -999 -999 -999 -999 -999 -999 -999 -999 -999 -999 -999 -999 -999 -999 0.43 0.43 0.43 0.43 0.42 0.42 0.41 0.40 0.40 0.41 0.42 0.44 0.47 0.50 0.52 0.53 0.54 0.54 0.52 0.50 0.47 0.45 0.44 0.44 0.43 0.43 0.42 0.41 0.40 0.39 0.38 -999 -999 -999 -999 -999 -999 -999 -999 -999 -999 -999 -999 -999 -999 -999 -999 -999 -999 -999 -999 -999 -999 -999 -999 -999 -999 -999 -999 -999 -999 -999 -999 -999 -999 -999 -999 -999 -999 -999 -999 -999 -999 -999 -999 -999 -999 -999 -999
-999 -999 -999 -999 -999 -999 -999 -999 -999 -999 -999 -999 -999 -999 -999 -999 -999 -999 -999 0.42 0.42 0.42 0.42 -999 -999 -999 -999 -999 -999 0.45 0.47 0.49 0.50 0.50 0.49 0.48 0.46 0.44 0.43 0.42 0.42 0.42 0.42 0.41 0.41 0.40 0.39 0.38 0.37 -999 -999 -999 -999 -999 -999 -999 -999 -999 -999 -999 -999 -999 -999 -999 -999 -999 -999 -999 -999 -999 -999 -999 -999 -999 -999 -999 -999 -999 -999 -999 -999 -999 -999 -999 -999 -999 -999 -999 -999 -999 -999 -999 -999 -999 -999 -999
-999 -999 -999 -999 -999 -999 -999 -999 -999 -999 -999 -999 -999 -999 -999 -999 -999 -999 -999 -999 -999 -999 -999 -999 -999 -999 -999 -999 -999 0.44 0.45 0.46 0.47 0.47 0.46 0.45 0.43 0.42 0.41 0.41 0.41 0.41 0.41 0.41 0.40 0.40 0.39 0.38 0.38 -999 -999 -999 -999 -999 -999 -999 -999 -999 -999 -999 -999 -999 -999 -999 -999 -999 -999 -999 -999 -999 -999 -999 -999 -999 -999 -999 -999 -999 -999 -999 -999 -999 -999 -999 -999 -999 -999 -999 -999 -999 -999 -999 -999 -999 -999 -999
-999 -999 -999 -999 -999 -999 -999 -999 -999 -999 -999 -999 -999 -999 -999 -999 -999 -999 -999 -999 -999 -999 -999 -999 -999 -999 -999 -999 -999 0.43 0.43 0.44 0.44 0.44 0.44 0.43 0.42 0.41 0.40 0.40 0.40 0.41 0.41 0.40 0.40 0.39 0.39 0.38 0.38 -999 -999 -999 -999 -999 -999 -999 -999 -999 -999 -999 -999 -999 -999 -999 -999 -999 -999 -999 -999 -999 -999 -999 -999 -999 -999 -999 -999 -999 -999 -999 -999 -999 -999 -999 -999 -999 -999 -999 -999 -999 -999 -999 -999 -999 -999 -999
-999 -999 -999 -999 -999 -999 -999 -999 -999 -999 -999 -999 -999 -999 -999 -999 -999 -999 -999 -999 -999 -999 -999 -999 0.40 0.40 0.40 0.40 0.41 0.41 0.42 0.42 0.42 0.42 0.42 0.41 0.41 0.40 0.40 0.40 0.40 0.40 0.40 0.40 0.39 0.39 0.39 -999 -999 -999 -999 -999 -999 -999 -999 -999 -999 -999 -999 -999 -999 -999 -999 -999 -999 -999 -999 -999 -999 -999 -999 -999 -999 -999 -999 -999 -999 -999 -999 -999 -999 -999 -999 -999 -999 -999 -999 -999 -999 -999 -999 -999 -999 -999 -999 -999
-999 -999 -999 -999 -999 -999 -999 -999 -999 -999 -999 -999 -999 -999 -999 -999 -999 -999 -999 -999 -999 -999 0.38 0.39 0.39 0.39 0.39 0.39 0.39 0.40 0.40 0.40 0.40 0.40 0.40 0.40 0.40 0.40 0.40 0.40 0.40 0.40 0.40 -999 -999 -999 -999 -999 -999 -999 -999 -999 -999 -999 -999 -999 -999 -999 -999 -999 -999 -999 -999 -999 -999 -999 -999 -999 -999 -999 -999 -999 -999 -999 -999 -999 -999 -999 -999 -999 -999 -999 -999 -999 -999 -999 -999 -999 -999 -999 -999 -999 -999 -999 -999 -999
-999 -999 -999 -999 -999 -999 -999 -999 -999 -999 -999 -999 -999 -999 -999 -999 -999 -999 -999 -999 -999 0.37 0.37 0.37 0.37 0.37 0.37 0.38 0.38 0.38 0.38 0.38 0.38 0.38 0.38 0.38 0.38 0.39 0.39 0.39 0.39 -999 -999 -999 -999 -999 -999 -999 -999 -999 -999 -999 -999 -999 -999 -999 -999 -999 -999 -999 -999 -999 -999 -999 -999 -999 -999 -999 -999 -999 -999 -999 -999 -999 -999 -999 -999 -999 -999 -999 -999 -999 -999 -999 -999 -999 -999 -999 -999 -999 -999 -999 -999 -999 -999 -999
-999 -999 -999 -999 -999 -999 -999 -999 -999 -999 -999 -999 -999 -999 -999 -999 -999 -999 -999 -999 -999 0.36 0.36 0.36 0.35 0.35 0.35 0.35 0.36 0.35 0.35 0.35 0.35 0.35 0.35 0.36 0.36 0.37 0.37 0.38 -999 -999 -999 -999 -999 -999 -999 -999 -999 -999 -999 -999 -999 -999 -999 -999 -999 -999 -999 -999 -999 -999 -999 -999 -999 -999 -999 -999 -999 -999 -999 -999 -999 -999 -999 -999 -999 -999 -999 -999 -999 -999 -999 -999 -999 -999 -999 -999 -999 -999 -999 -999 -999 -999 -999 -999
-999 -999 -999 -999 -999 -999 -999 -999 -999 -999 -999 -999 -999 -999 -999 -999 -999 -999 -999 -999 -999 0.35 0.34 0.33 0.33 0.33 0.33 0.33 0.33 0.33 0.33 0.33 0.32 0.32 0.32 0.32 0.33 0.34 0.35 -999 -999 -999 -999 -999 -999 -999 -999 -999 -999 -999 -999 -999 -999 -999 -999 -999 -999 -999 -999 -999 -999 -999 -999 -999 -999 -999 -999 -999 -999 -999 -999 -999 -999 -999 -999 -999 -999 -999 -999 -999 -999 -999 -999 -999 -999 -999 -999 -999 -999 -999 -999 -999 -999 -999 -999 -999
-999 -999 -999 -999 -999 -999 -999 -999 -999 -999 -999 -999 -999 -999 -999 -999 -999 -999 -999 -999 -999 -999 0.31 0.31 0.30 0.30 0.31 0.31 0.31 0.31 0.30 0.29 0.29 0.28 0.28 0.28 0.28 0.29 -999 -999 -999 -999 -999 -999 -999 -999 -999 -999 -999 -999 -999 -999 -999 -999 -999 -999 -999 -999 -999 -999 -999 -999 -999 -999 -999 -999 -999 -999 -999 -999 -999 -999 -999 -999 -999 -999 -999 -999 -999 -999 -999 -999 -999 -999 -999 -999 -999 -999 -999 -999 -999 -999 -999 -999 -999 -999
-999 -999 -999 -999 -999 -999 -999 -999 -999 -999 -999 -999 -999 -999 -999 -999 -999 -999 -999 -999 -999 -999 0.29 0.28 0.28 0.28 0.28 0.28 0.28 0.28 0.27 0.26 0.25 0.23 0.22 0.22 0.23 0.24 -999 -999 -999 -999 -999 -999 -999 -999 -999 -999 -999 -999 -999 -999 -999 -999 -999 -999 -999 -999 -999 -999 -999 -999 -999 -999 -999 -999 -999 -999 -999 -999 -999 -999 -999 -999 -999 -999 -999 -999 -999 -999 -999 -999 -999 -999 -999 -999 -999 -999 -999 -999 -999 -999 -999 -999 -999 -999
-999 -999 -999 -999 -999 -999 -999 -999 -999 -999 -999 -999 -999 -999 -999 -999 -999 -999 -999 -999 -999 -999 0.26 0.26 0.25 0.25 0.25 0.26 0.26 0.26 0.25 0.23 0.21 0.18 0.16 0.16 0.17 0.19 0.20 -999 -999 -999 -999 -999 -999 -999 -999 -999 -999 -999 -999 -999 -999 -999 -999 -999 -999 -999 -999 -999 -999 -999 -999 -999 -999 -999 -999 -999 -999 -999 -999 -999 -999 -999 -999 -999 -999 -999 -999 -999 -999 -999 -999 -999 -999 -999 -999 -999 -999 -999 -999 -999 -999 -999 -999 -999
-999 -999 -999 -999 -999 -999 -999 -999 -999 -999 -999 -999 -999 -999 -999 -999 -999 -999 -999 -999 -999 0.25 0.25 0.23 0.22 0.23 0.23 0.24 0.24 0.24 0.22 0.20 0.16 0.13 0.10 0.09 0.10 0.13 0.17 -999 -999 -999 -999 -999 -999 -999 -999 -999 -999 -999 -999 -999 -999 -999 -999 -999 -999 -999 -999 -999 -999 -999 -999 -999 -999 -999 -999 -999 -999 -999 -999 -999 -999 -999 -999 -999 -999 -999 -999 -999 -999 -999 -999 -999 -999 -999 -999 -999 -999 -999 -999 -999 -999 -999 -999 -999
-999 -999 -999 -999 -999 -999 -999 -999 -999 -999 -999 -999 -999 -999 -999 -999 -999 -999 -999 0.27 0.26 0.25 0.23 0.22 0.21 0.21 0.22 0.23 0.23 0.22 0.20 0.17 0.13 0.08 0.05 0.04 0.05 0.08 -999 -999 -999 -999 -999 -999 -999 -999 -999 -999 -999 -999 -999 -999 -999 -999 -999 -999 -999 -999 -999 -999 -999 -999 -999 -999 -999 -999 -999 -999 -999 -999 -999 -999 -999 -999 -999 -999 -999 -999 -999 -999 -999 -999 -999 -999 -999 -999 -999 -999 -999 -999 -999 -999 -999 -999 -999 -999
-999 -999 -999 -999 -999 -999 -999 -999 -999 -999 -999 -999 -999 -999 -999 -999 -999 -999 -999 0.27 0.26 0.24 0.22 0.21 0.20 0.20 0.21 0.22 0.22 0.21 0.19 0.15 0.11 0.06 0.02 0.01 0.02 -999 -999 -999 -999 -999 -999 -999 -999 -999 -999 -999 -999 -999 -999 -999 -999 -999 -999 -999 -999 -999 -999 -999 -999 -999 -999 -999 -999 -999 -999 -999 -999 -999 -999 -999 -999 -999 -999 -999 -999 -999 -999 -999 -999 -999 -999 -999 -999 -999 -999 -999 -999 -999 -999 -999 -999 -999 -999 -999
-999 -999 -999 -999 -999 -999 -999 -999 -999 -999 -999 -999 -999 -999 -999 -999 -999 -999 0.28 0.27 0.26 0.24 0.22 0.21 0.20 0.20 0.21 0.22 0.22 0.21 0.18 0.15 0.10 0.05 0.02 0.01 0.02 -999 -999 -999 -999 -999 -999 -999 -999 -999 -999 -999 -999 -999 -999 -999 -999 -999 -999 -999 -999 -999 -999 -999 -999 -999 -999 -999 -999 -999 -999 -999 -999 -999 -999 -999 -999 -999 -999 -999 -999 -999 -999 -999 -999 -999 -999 -999 -999 -999 -999 -999 -999 -999 -999 -999 -999 -999 -999 -999
-999 -999 -999 -999 -999 -999 -999 -999 -999 -999 -999 -999 -999 -999 -999 -999 0.31 0.30 0.29 0.27 0.26 0.24 0.23 0.22 0.21 0.21 0.22 0.22 0.22 0.20 0.18 0.15 0.11 0.07 0.04 0.02 0.03 -999 -999 -999 -999 -999 -999 -999 -999 -999 -999 -999 -999 -999 -999 -999 -999 -999 -999 -999 -999 -999 -999 -999 -999 -999 -999 -999 -999 -999 -999 -999 -999 -999 -999 -999 -999 -999 -999 -999 -999 -999 -999 -999 -999 -999 -999 -999 -999 -999 -999 -999 -999 -999 -999 -999 -999 -999 -999 -999
-999 -999 -999 -999 -999 -999 -999 -999 -999 -999 -999 -999 -999 -999 -999 -999 0.31 0.30 0.29 0.27 0.26 0.25 0.24 0.23 0.22 0.22 0.22 0.22 0.22 0.21 0.19 0.16 0.13 0.09 0.06 -999 -999 -999 -999 -999 -999 -999 -999 -999 -999 -999 -999 -999 -999 -999 -999 -999 -999 -999 -999 -999 -999 -999 -999 -999 -999 -999 -999 -999 -999 -999 -999 -999 -999 -999 -999 -999 -999 -999 -999 -999 -999 -999 -999 -999 -999 -999 -999 -999 -999 -999 -999 -999 -999 -999 -999 -999 -999 -999 -999 -999
-999 -999 -999 -999 -999 -999 -999 -999 -999 -999 -999 -999 -999 -999 -999 -999 -999 0.30 0.29 0.28 0.27 0.26 0.25 0.24 0.23 0.23 0.23 0.23 0.22 0.21 0.19 0.17 -999 -999 -999 -999 -999 -999 -999 -999 -999 -999 -999 -999 -999 -999 -999 -999 -999 -999 -999 -999 -999 -999 -999 -999 -999 -999 -999 -999 -999 -999 -999 -999 -999 -999 -999 -999 -999 -999 -999 -999 -999 -999 -999 -999 -999 -999 -999 -999 -999 -999 -999 -999 -999 -999 -999 -999 -999 -999 -999 -999 -999 -999 -999 -999
-999 -999 -999 -999 -999 -999 -999 -999 -999 -999 -999 -999 -999 -999 -999 -999 -999 -999 -999 -999 -999 0.26 -999 0.25 0.24 0.24 0.24 0.23 0.23 -999 -999 -999 -999 -999 -999 -999 -999 -999 -999 -999 -999 -999 -999 -999 -999 -999 -999 -999 -999 -999 -999 -999 -999 -999 -999 -999 -999 -999 -999 -999 -999 -999 -999 -999 -999 -999 -999 -999 -999 -999 -999 -999 -999 -999 -999 -999 -999 -999 -999 -999 -999 -999 -999 -999 -999 -999 -999 -999 -999 -999 -999 -999 -999 -999 -999 -999
-999 -999 -999 -999 -999 -999 -999 -999 -999 -999 -999 -999 -999 -999 -999 -999 -999 -999 -999 -999 -999 -999 -999 0.26 0.25 0.25 0.24 0.24 0.24 -999 -999 -999 -999 -999 -999 -999 -999 -999 -999 -999 -999 -999 -999 -999 -999 -999 -999 -999 -999 -999 -999 -999 -999 -999 -999 -999 -999 -999 -999 -999 -999 -999 -999 -999 -999 -999 -999 -999 -999 -999 -999 -999 -999 -999 -999 -999 -999 -999 -999 -999 -999 -999 -999 -999 -999 -999 -999 -999 -999 -999 -999 -999 -999 -999 -999 -999
-999 -999 -999 -999 -999 -999 -999 -999 -999 -999 -999 -999 -999 -999 -999 -999 -999 -999 -999 -999 -999 -999 -999 0.26 0.26 0.26 0.25 0.25 0.24 -999 -999 -999 -999 -999 -999 -999 -999 -999 -999 -999 -999 -999 -999 -999 -999 -999 -999 -999 -999 -999 -999 -999 -999 -999 -999 -999 -999 -999 -999 -999 -999 -999 -999 -999 -999 -999 -999 -999 -999 -999 -999 -999 -999 -999 -999 -999 -999 -999 -999 -999 -999 -999 -999 -999 -999 -999 -999 -999 -999 -999 -999 -999 -999 -999 -999 -999
-999 -999 -999 -999 -999 -999 -999 -999 -999 -999 -999 -999 -999 -999 -999 -999 -999 -999 -999 -999 -999 -999 -999 0.27 0.26 0.26 0.26 0.25 0.25 -999 -999 -999 -999 -999 -999 -999 -999 -999 -999 -999 -999 -999 -999 -999 -999 -999 -999 -999 -999 -999 -999 -999 -999 -999 -999 -999 -999 -999 -999 -999 -999 -999 -999 -999 -999 -999 -999 -999 -999 -999 -999 -999 -999 -999 -999 -999 -999 -999 -999 -999 -999 -999 -999 -999 -999 -999 -999 -999 -999 -999 -999 -999 -999 -999 -999 -999
