108 50
-999 -999 -999 -999 -999 -999 -999 -999 -999 -999 -999 -999 -999 -999 -999 -999 -999 -999 -999 -999 -999 -999 -999 -999 -999 -999 -999 -999 -999 -999 -999 -999 -999 -999 -999 -999 -999 -999 -999 -999 -999 -999 -999 -999 -999 -999 -999 -999 -999 -999 -999 -999 -999 -999 -999 -999 -999 -999 -999 -999 -999 -999 -999 -999 -999 -999 -999 -999 -999 -999 -999 1.25 1.33 1.48 1.66 1.85 2.01 2.09 -999 -999 -999 -999 -999 -999 -999 -999 -999 -999 -999 -999 -999 -999 -999 -999 -999 1.21 -999 1.01 0.98 0.96 0.93 0.91 -999 -999 -999 -999 -999 -999
-999 -999 -999 -999 -999 -999 -999 -999 -999 -999 -999 -999 -999 -999 -999 -999 -999 -999 -999 -999 -999 -999 -999 -999 -999 -999 -999 -999 -999 -999 -999 -999 -999 -999 -999 -999 -999 -999 -999 -999 -999 -999 -999 -999 -999 -999 -999 -999 -999 -999 -999 -999 -999 -999 -999 -999 -999 -999 -999 -999 -999 -999 -999 -999 -999 0.67 0.68 0.71 0.80 0.94 1.06 1.18 1.31 1.46 1.64 1.81 1.96 2.04 1.96 1.75 1.53 1.37 -999 -999 -999 -999 -999 -999 -999 -999 -999 1.47 1.47 -999 1.26 1.19 1.08 1.01 0.96 0.92 0.90 0.89 0.88 -999 -999 -999 -999 -999
-999 -999 -999 -999 -999 -999 -999 -999 -999 -999 -999 -999 -999 -999 -999 -999 -999 -999 -999 -999 -999 -999 -999 -999 -999 -999 -999 -999 -999 -999 -999 -999 -999 -999 -999 -999 -999 -999 -999 -999 -999 -999 -999 -999 -999 -999 -999 -999 -999 -999 -999 -999 -999 -999 -999 -999 -999 -999 -999 -999 -999 -999 -999 -999 -999 0.64 0.63 0.68 0.77 0.90 1.03 1.15 1.28 1.41 1.56 1.70 1.81 1.86 1.77 1.57 1.35 1.23 1.15 1.15 1.16 1.16 1.18 1.19 1.29 1.34 1.43 1.48 1.48 1.41 1.28 1.16 1.03 0.95 0.90 0.86 0.85 0.85 0.85 0.85 0.86 0.87 -999 -999
-999 -999 -999 -999 -999 -999 -999 -999 -999 -999 -999 -999 -999 -999 -999 -999 -999 -999 -999 -999 -999 -999 -999 -999 -999 -999 -999 -999 -999 -999 -999 -999 -999 -999 -999 -999 -999 -999 -999 -999 -999 -999 -999 -999 -999 -999 -999 -999 -999 -999 -999 -999 -999 -999 -999 -999 -999 -999 -999 -999 -999 -999 -999 -999 0.68 0.63 0.61 0.66 0.76 0.90 1.02 1.14 1.25 1.36 1.47 1.56 1.62 1.61 1.51 1.33 1.14 1.06 1.06 1.08 1.11 1.14 1.16 1.18 1.25 1.32 1.40 1.46 1.46 1.37 1.22 1.07 0.93 0.85 0.81 0.79 0.79 0.80 0.81 0.83 0.84 0.86 0.87 -999
-999 -999 -999 -999 -999 -999 -999 -999 -999 -999 -999 -999 -999 -999 -999 -999 -999 -999 -999 -999 -999 -999 -999 -999 -999 -999 -999 -999 -999 -999 -999 -999 -999 -999 -999 -999 -999 -999 -999 -999 -999 -999 -999 -999 -999 -999 -999 -999 -999 -999 -999 -999 -999 -999 -999 -999 -999 -999 -999 -999 -999 -999 -999 0.79 0.73 0.67 0.65 0.70 0.79 0.92 1.03 1.14 1.24 1.32 1.39 1.44 1.46 1.42 1.30 1.14 0.99 0.94 0.97 1.03 1.07 1.10 1.13 1.16 1.20 1.25 1.31 1.35 1.34 1.22 1.06 0.90 0.78 0.71 0.69 0.70 0.72 0.75 0.77 0.80 0.82 0.84 0.85 -999
-999 -999 -999 -999 -999 -999 -999 -999 -999 -999 -999 -999 -999 -999 -999 -999 -999 -999 -999 -999 -999 -999 -999 -999 -999 -999 -999 -999 -999 -999 -999 -999 -999 -999 -999 -999 -999 -999 -999 -999 -999 -999 -999 -999 -999 -999 -999 -999 -999 -999 -999 -999 -999 -999 -999 -999 -999 -999 -999 -999 -999 -999 0.95 0.87 0.80 0.75 0.74 0.78 0.85 0.96 1.06 1.16 1.24 1.31 1.36 1.38 1.37 1.31 1.20 1.06 0.94 0.91 0.94 1.00 1.05 1.08 1.10 1.12 1.14 1.16 1.18 1.17 1.12 0.97 0.80 0.65 0.56 0.54 0.56 0.59 0.64 0.69 0.73 0.77 0.80 0.83 0.85 0.86
-999 -999 -999 -999 -999 -999 -999 -999 -999 -999 -999 -999 -999 -999 -999 -999 -999 -999 -999 -999 -999 -999 -999 -999 -999 -999 -999 -999 -999 -999 -999 -999 -999 -999 -999 -999 -999 -999 -999 -999 -999 -999 -999 -999 -999 -999 -999 -999 -999 -999 -999 -999 -999 -999 -999 -999 -999 -999 -999 -999 -999 1.08 1.02 0.94 0.87 0.83 0.83 0.86 0.92 1.01 1.11 1.20 1.28 1.34 1.37 1.36 1.33 1.27 1.18 1.07 0.97 0.94 0.97 1.01 1.04 1.07 1.07 1.08 1.07 1.06 1.03 0.97 0.85 0.66 0.47 0.34 0.29 0.33 0.41 0.49 0.57 0.64 0.70 0.75 0.79 0.82 0.84 0.86
-999 -999 -999 -999 -999 -999 -999 -999 -999 -999 -999 -999 -999 -999 -999 -999 -999 -999 -999 -999 -999 -999 -999 -999 -999 -999 -999 -999 -999 -999 -999 -999 -999 -999 -999 -999 -999 -999 -999 -999 -999 -999 -999 -999 -999 -999 -999 -999 -999 -999 -999 -999 -999 -999 -999 -999 -999 -999 -999 -999 -999 1.18 1.10 1.00 0.93 0.89 0.89 0.91 0.97 1.06 1.16 1.27 1.36 1.41 1.43 1.41 1.35 1.28 1.19 1.11 1.04 1.01 1.01 1.03 1.05 1.06 1.05 1.04 1.01 0.97 0.90 0.79 0.61 0.36 0.15 0.02 0.03 0.14 0.27 0.40 0.51 0.61 0.68 0.73 0.78 0.81 0.84 0.86
-999 -999 -999 -999 -999 -999 -999 -999 -999 -999 -999 -999 -999 -999 -999 -999 -999 -999 -999 -999 -999 -999 -999 -999 -999 -999 -999 -999 -999 -999 -999 -999 -999 -999 -999 -999 -999 -999 -999 -999 -999 -999 -999 -999 -999 -999 -999 -999 -999 -999 -999 -999 -999 -999 -999 -999 -999 -999 -999 -999 1.47 1.30 1.16 1.05 0.96 0.92 0.91 0.93 1.00 1.10 1.22 1.35 1.47 1.54 1.55 1.49 1.41 1.32 1.23 1.16 1.10 1.07 1.06 1.06 1.06 1.05 1.04 1.01 0.97 0.90 0.81 0.66 0.45 0.16 -0.08 -0.21 -0.16 -0.00 0.18 0.35 0.48 0.59 0.67 0.73 0.78 0.81 -999 -999
-999 -999 -999 -999 -999 -999 -999 -999 -999 -999 -999 -999 -999 -999 -999 -999 -999 -999 -999 -999 -999 -999 -999 -999 -999 -999 -999 -999 -999 -999 -999 -999 -999 -999 -999 -999 -999 -999 -999 -999 -999 -999 -999 -999 -999 -999 -999 -999 -999 -999 -999 -999 -999 -999 -999 -999 -999 -999 -999 -999 1.61 1.41 1.21 1.06 0.95 0.90 0.88 0.91 0.99 1.12 1.27 1.44 1.61 1.71 1.70 1.61 1.49 1.36 1.27 1.20 1.14 1.11 1.09 1.07 1.06 1.05 1.03 0.99 0.94 0.87 0.76 0.61 0.39 0.10 -0.15 -0.28 -0.21 -0.03 0.17 0.35 0.49 0.61 0.68 0.73 0.78 -999 -999 -999
-999 -999 -999 -999 -999 -999 -999 -999 -999 -999 -999 -999 -999 -999 -999 -999 -999 -999 -999 -999 -999 -999 -999 -999 -999 -999 -999 -999 -999 -999 -999 -999 -999 -999 -999 -999 -999 -999 -999 -999 -999 -999 -999 -999 -999 -999 -999 -999 -999 -999 -999 -999 -999 -999 -999 -999 -999 -999 1.99 1.95 1.75 1.45 1.21 1.02 0.90 0.83 0.81 0.85 0.94 1.10 1.28 1.50 1.71 1.84 1.83 1.70 1.54 1.40 1.30 1.23 1.17 1.13 1.11 1.09 1.07 1.05 1.02 0.99 0.93 0.86 0.76 0.63 0.44 0.19 -0.03 -0.15 -0.09 0.07 0.26 0.42 0.55 0.65 0.70 -999 -999 -999 -999 -999
-999 -999 -999 -999 -999 -999 -999 -999 -999 -999 -999 -999 -999 -999 -999 -999 -999 -999 -999 -999 -999 -999 -999 -999 -999 -999 -999 -999 -999 -999 -999 -999 -999 -999 -999 -999 -999 -999 -999 -999 -999 -999 -999 -999 -999 -999 -999 -999 -999 -999 -999 -999 -999 -999 -999 1.33 1.46 1.77 1.91 1.93 1.72 1.40 1.14 0.93 0.78 0.70 0.68 0.73 0.85 1.03 1.24 1.48 1.71 1.85 1.83 1.70 1.54 1.40 1.31 1.24 1.18 1.14 1.12 1.09 1.07 1.05 1.02 0.99 0.94 0.88 0.81 0.71 0.57 0.40 0.25 0.17 0.20 0.32 0.45 0.55 0.62 0.70 0.73 -999 -999 -999 -999 -999
-999 -999 -999 -999 -999 -999 -999 -999 -999 -999 -999 -999 -999 -999 -999 -999 -999 -999 -999 -999 -999 -999 -999 -999 -999 -999 -999 -999 -999 -999 -999 1.90 1.89 1.87 1.80 -999 -999 -999 -999 -999 -999 -999 -999 -999 -999 -999 -999 -999 -999 -999 -999 1.03 1.05 1.10 1.18 1.28 1.40 1.55 1.68 1.68 1.50 1.23 0.99 0.78 0.60 0.50 0.48 0.55 0.70 0.91 1.13 1.36 1.57 1.70 1.70 1.60 1.49 1.37 1.29 1.23 1.18 1.15 1.12 1.10 1.07 1.05 1.03 1.00 0.97 0.93 0.88 0.82 0.76 0.69 0.64 0.61 0.62 0.65 0.67 0.67 -999 -999 -999 -999 -999 -999 -999 -999
-999 -999 -999 -999 -999 -999 -999 -999 -999 -999 -999 -999 -999 -999 -999 -999 -999 -999 -999 -999 -999 -999 -999 -999 -999 -999 -999 -999 -999 1.71 1.82 1.92 1.96 1.92 1.82 -999 1.45 1.38 -999 -999 -999 -999 -999 -999 -999 -999 -999 -999 -999 -999 0.99 1.00 1.03 1.07 1.12 1.19 1.27 1.34 1.38 1.34 1.23 1.04 0.82 0.57 0.34 0.19 0.17 0.29 0.49 0.75 0.99 1.20 1.38 1.48 1.54 1.48 1.42 1.32 1.26 1.22 1.18 1.14 1.12 1.10 1.08 1.06 1.04 1.02 1.00 0.98 0.96 0.96 0.97 1.00 1.04 1.07 1.05 0.98 -999 -999 -999 -999 -999 -999 -999 -999 -999 -999
-999 -999 -999 -999 -999 -999 -999 -999 -999 -999 -999 -999 -999 -999 -999 -999 -999 -999 -999 -999 -999 -999 -999 -999 -999 -999 -999 -999 1.70 1.72 1.80 1.92 1.98 1.94 1.79 1.63 1.48 1.36 1.26 1.19 -999 -999 -999 -999 -999 -999 -999 -999 -999 0.98 0.98 0.99 1.00 1.03 1.07 1.11 1.14 1.17 1.16 1.12 1.06 0.92 0.67 0.33 -0.03 -0.26 -0.27 -0.07 0.23 0.58 0.85 1.07 1.22 1.30 1.30 -999 -999 1.26 1.23 1.19 -999 -999 1.11 1.09 1.08 1.06 1.05 1.04 1.03 1.03 1.05 1.08 1.15 1.26 1.37 1.44 1.40 -999 -999 -999 -999 -999 -999 -999 -999 -999 -999 -999
-999 -999 -999 -999 -999 -999 -999 -999 -999 -999 -999 -999 -999 -999 -999 -999 -999 -999 -999 -999 -999 -999 -999 -999 -999 -999 -999 -999 1.73 1.74 1.77 1.85 1.89 1.85 1.72 1.58 1.44 1.33 1.24 1.10 1.05 1.01 0.96 -999 -999 0.94 0.96 0.98 0.99 0.99 0.98 0.97 0.98 0.99 1.02 1.04 1.06 1.07 1.07 1.07 1.06 0.91 0.58 0.07 -0.49 -0.86 -0.84 -0.49 -0.04 0.43 0.77 1.01 1.16 1.24 1.27 -999 -999 1.23 1.20 1.17 1.16 -999 -999 -999 -999 1.06 1.05 1.05 1.06 1.08 1.12 1.17 1.27 1.42 1.56 1.64 1.62 -999 -999 -999 -999 -999 -999 -999 -999 -999 -999 -999
-999 -999 -999 -999 -999 -999 -999 -999 -999 -999 -999 -999 -999 -999 -999 -999 -999 -999 -999 -999 -999 -999 -999 -999 -999 -999 -999 1.81 1.82 1.80 1.76 1.75 1.75 1.71 1.61 1.50 1.39 1.28 1.19 1.10 1.03 0.98 0.93 0.90 0.90 0.92 0.95 0.98 1.00 0.99 0.97 0.96 0.96 0.96 0.97 0.99 1.00 1.01 1.03 1.07 1.08 0.91 0.49 -0.17 -0.93 -1.43 -1.36 -0.85 -0.24 0.35 0.76 1.04 1.22 1.28 1.28 1.26 -999 -999 1.17 1.16 -999 -999 -999 -999 -999 -999 -999 1.07 1.07 -999 1.17 1.19 -999 -999 -999 1.69 1.66 1.57 -999 -999 -999 -999 -999 -999 -999 -999 -999 -999
-999 -999 -999 -999 -999 -999 -999 -999 -999 -999 -999 -999 -999 -999 -999 -999 -999 -999 -999 -999 -999 -999 -999 -999 -999 -999 1.62 1.84 1.88 1.85 1.75 1.67 1.63 1.58 1.50 1.41 1.32 1.24 1.15 1.07 1.00 0.94 0.89 0.86 0.86 0.88 0.92 0.96 0.98 0.97 0.95 0.94 0.93 0.94 0.94 0.94 0.95 0.96 0.98 1.01 0.99 0.80 0.38 -0.27 -1.04 -1.55 -1.46 -0.92 -0.28 0.34 0.79 1.12 1.31 1.36 1.32 1.26 1.23 -999 -999 -999 -999 -999 -999 -999 -999 -999 -999 -999 -999 -999 -999 -999 -999 -999 -999 -999 1.62 1.54 1.47 -999 -999 -999 -999 -999 -999 -999 -999 -999
-999 -999 -999 -999 -999 -999 -999 -999 -999 1.06 1.04 -999 -999 -999 1.00 -999 -999 -999 -999 1.16 1.20 1.24 1.27 1.32 1.38 1.49 1.63 1.78 1.85 1.81 1.71 1.61 1.54 1.48 1.41 1.34 1.27 1.20 1.12 1.04 0.96 0.89 0.82 0.79 0.79 0.81 0.86 0.90 0.93 0.93 0.92 0.91 0.91 0.91 0.91 0.91 0.91 0.90 0.90 0.90 0.84 0.65 0.32 -0.17 -0.74 -1.12 -1.07 -0.66 -0.14 0.40 0.82 1.14 1.33 1.38 1.33 1.26 1.22 -999 -999 -999 -999 -999 -999 -999 -999 -999 -999 -999 -999 -999 -999 -999 -999 -999 -999 -999 -999 1.50 -999 -999 -999 -999 -999 -999 -999 -999 -999 -999
-999 -999 -999 2.14 2.04 1.82 1.60 1.35 1.19 1.06 1.01 0.98 0.97 0.98 1.00 1.03 1.05 1.07 1.11 1.15 1.21 1.26 1.29 1.32 1.35 1.42 1.54 1.65 1.71 1.69 1.61 1.52 1.46 1.40 1.34 1.30 1.24 1.18 1.11 1.02 0.92 0.83 0.74 0.70 0.69 0.71 0.76 0.82 0.86 0.87 0.88 0.89 0.89 0.89 0.89 0.88 0.87 0.86 0.83 0.80 0.73 0.58 0.35 0.03 -0.31 -0.53 -0.51 -0.27 0.08 0.48 0.81 1.07 1.25 1.31 1.28 1.22 1.19 -999 -999 -999 -999 -999 -999 -999 -999 -999 -999 -999 -999 -999 -999 -999 -999 -999 -999 -999 -999 -999 -999 -999 -999 -999 -999 -999 -999 -999 -999 -999
-999 -999 -999 2.21 2.06 1.84 1.59 1.32 1.15 1.03 0.97 0.95 0.96 0.98 1.01 1.04 1.06 1.08 1.11 1.15 1.23 1.30 1.34 1.34 1.33 1.35 1.42 1.50 1.54 1.53 1.49 1.43 1.38 1.34 1.30 1.28 1.25 1.20 1.13 1.01 0.89 0.76 0.63 0.56 0.54 0.57 0.64 0.72 0.78 0.82 0.85 0.87 0.88 0.88 0.88 0.87 0.85 0.82 0.79 0.74 0.67 0.56 0.42 0.24 0.06 -0.05 -0.04 0.09 0.30 0.56 0.79 0.99 1.12 1.18 1.19 1.16 1.13 -999 -999 -999 -999 -999 -999 -999 -999 -999 -999 -999 -999 -999 -999 -999 -999 -999 -999 -999 -999 -999 -999 -999 -999 -999 -999 -999 -999 -999 -999 -999
-999 -999 2.08 2.13 2.00 1.77 1.50 1.24 1.06 0.96 0.91 0.91 0.94 0.99 1.04 1.08 1.09 1.09 1.10 1.15 1.24 1.33 1.38 1.36 1.32 1.30 1.32 1.36 1.39 1.39 1.37 1.34 1.31 1.29 1.29 1.30 1.30 1.28 1.20 1.04 0.86 0.67 0.47 0.35 0.32 0.38 0.50 0.63 0.72 0.79 0.84 0.86 0.88 0.89 0.88 0.86 0.84 0.80 0.75 0.70 0.65 0.58 0.51 0.42 0.33 0.28 0.29 0.36 0.48 0.64 0.79 0.92 1.02 1.08 1.10 1.10 1.08 1.06 -999 -999 -999 -999 -999 -999 -999 -999 -999 -999 -999 -999 -999 -999 -999 -999 -999 -999 -999 -999 -999 -999 -999 -999 -999 -999 -999 -999 -999 -999
1.66 1.79 1.91 1.93 1.79 1.57 1.32 1.08 0.94 0.86 0.84 0.87 0.93 1.00 1.08 1.14 1.15 1.12 1.10 1.12 1.20 1.31 1.37 1.35 1.28 1.24 1.24 1.25 1.27 1.28 1.27 1.26 1.26 1.26 1.29 1.35 1.40 1.42 1.33 1.11 0.85 0.56 0.25 0.05 -0.01 0.11 0.34 0.56 0.70 0.78 0.84 0.87 0.89 0.91 0.90 0.88 0.84 0.79 0.73 0.67 0.63 0.60 0.57 0.54 0.51 0.51 0.53 0.57 0.64 0.72 0.80 0.89 0.95 1.00 1.03 1.04 1.04 1.04 -999 -999 -999 -999 -999 -999 -999 -999 -999 -999 -999 -999 -999 -999 -999 -999 -999 -999 -999 -999 -999 -999 -999 -999 -999 -999 -999 -999 -999 -999
-999 1.52 1.59 1.58 1.45 1.26 1.05 0.87 0.77 0.73 0.75 0.81 0.90 1.01 1.12 1.22 1.23 1.17 1.09 1.07 1.12 1.20 1.26 1.25 1.20 1.16 1.15 1.16 1.17 1.18 1.19 1.20 1.21 1.24 1.31 1.40 1.53 1.60 1.49 1.19 0.84 0.43 -0.03 -0.41 -0.52 -0.26 0.21 0.59 0.75 0.82 0.87 0.90 0.93 0.95 0.94 0.91 0.86 0.79 0.70 0.63 0.59 0.58 0.59 0.61 0.64 0.67 0.71 0.74 0.77 0.80 0.84 0.88 0.93 0.96 0.99 1.00 1.01 1.02 -999 -999 -999 -999 -999 -999 -999 -999 -999 -999 -999 -999 -999 -999 -999 -999 -999 -999 -999 -999 -999 -999 -999 -999 -999 -999 -999 -999 -999 -999
1.01 1.13 1.16 1.12 1.00 0.85 0.70 0.59 0.55 0.57 0.63 0.73 0.86 0.99 1.13 1.26 1.28 1.19 1.06 0.98 0.99 1.04 1.08 1.09 1.08 1.07 1.06 1.08 1.09 1.11 1.13 1.15 1.17 1.21 1.29 1.42 1.58 1.68 1.57 1.22 0.80 0.32 -0.32 -0.95 -1.25 -0.71 0.28 0.83 0.92 0.91 0.92 0.94 0.98 1.01 1.01 0.97 0.90 0.80 0.68 0.59 0.53 0.54 0.59 0.66 0.74 0.81 0.88 0.90 0.90 0.89 0.89 0.90 0.92 0.94 0.96 0.98 0.99 -999 -999 -999 -999 -999 -999 -999 -999 -999 -999 -999 -999 -999 -999 -999 -999 -999 -999 -999 -999 -999 -999 -999 -999 -999 -999 -999 -999 -999 -999 -999
0.73 0.70 0.67 0.60 0.48 0.37 0.29 0.25 0.28 0.37 0.48 0.61 0.77 0.92 1.07 1.19 1.21 1.11 0.95 0.85 0.82 0.85 0.89 0.92 0.94 0.95 0.97 1.00 1.02 1.05 1.07 1.11 1.14 1.18 1.25 1.35 1.48 1.55 1.45 1.13 0.75 0.29 -0.39 -1.16 -1.64 -0.75 0.88 1.33 1.17 1.03 0.97 0.99 1.04 1.10 1.11 1.06 0.96 0.83 0.69 0.58 0.52 0.53 0.60 0.71 0.82 0.94 1.03 1.05 1.01 0.96 0.93 0.92 0.92 0.93 0.94 -999 -999 -999 -999 -999 -999 -999 -999 -999 -999 -999 -999 -999 -999 -999 -999 -999 -999 -999 -999 -999 -999 -999 -999 -999 -999 -999 -999 -999 -999 -999 -999 -999
-999 0.33 0.15 0.04 -0.09 -0.18 -0.20 -0.15 -0.04 0.11 0.29 0.46 0.65 0.80 0.92 1.01 1.01 0.91 0.77 0.66 0.62 0.65 0.70 0.76 0.81 0.84 0.88 0.92 0.95 0.99 1.03 1.07 1.11 1.15 1.19 1.25 1.31 1.33 1.24 1.01 0.73 0.39 -0.11 -0.64 -0.84 0.07 1.45 1.63 1.30 1.09 1.00 1.02 1.08 1.16 1.18 1.12 1.01 0.87 0.73 0.63 0.57 0.58 0.65 0.76 0.90 1.05 1.15 1.15 1.10 1.02 0.97 0.94 -999 -999 -999 -999 -999 -999 -999 -999 -999 -999 -999 -999 -999 -999 -999 -999 -999 -999 -999 -999 -999 -999 -999 -999 -999 -999 -999 -999 -999 -999 -999 -999 -999 -999 -999 -999
-999 -999 -0.18 -0.55 -0.72 -0.80 -0.78 -0.64 -0.43 -0.19 0.06 0.28 0.49 0.64 0.75 0.80 0.77 0.67 0.55 0.45 0.42 0.46 0.53 0.62 0.68 0.74 0.80 0.85 0.89 0.94 0.99 1.04 1.09 1.14 1.17 1.18 1.19 1.17 1.09 0.94 0.77 0.58 0.35 0.13 0.11 0.56 1.21 1.38 1.22 1.07 1.01 1.02 1.08 1.16 1.18 1.12 1.02 0.89 0.78 0.70 0.66 0.67 0.72 0.82 0.95 1.09 1.18 1.19 1.13 1.06 -999 -999 -999 -999 -999 -999 -999 -999 -999 -999 -999 -999 -999 -999 -999 -999 -999 -999 -999 -999 -999 -999 -999 -999 -999 -999 -999 -999 -999 -999 -999 -999 -999 -999 -999 -999 -999 -999
-0.53 -0.74 -1.00 -1.28 -1.38 -1.48 -1.43 -1.20 -0.88 -0.53 -0.20 0.08 0.33 0.53 0.60 0.61 0.58 0.49 0.38 0.28 0.27 0.32 0.40 0.50 0.58 0.66 0.73 0.78 0.83 0.89 0.95 1.02 1.09 1.14 1.18 1.18 1.15 1.10 1.03 0.92 0.83 0.79 0.77 0.71 0.63 0.72 0.95 1.09 1.07 1.01 0.99 1.00 1.05 1.10 1.12 1.09 1.03 -999 -999 0.76 0.73 0.73 0.78 0.86 0.96 1.06 1.16 -999 -999 -999 -999 -999 -999 -999 -999 -999 -999 -999 -999 -999 -999 -999 -999 -999 -999 -999 -999 -999 -999 -999 -999 -999 -999 -999 -999 -999 -999 -999 -999 -999 -999 -999 -999 -999 -999 -999 -999 -999
-0.78 -1.04 -1.37 -1.70 -2.02 -2.17 -2.11 -1.79 -1.36 -0.89 -0.47 -0.12 -999 -999 -999 0.50 0.45 0.38 0.29 0.22 0.21 0.24 0.30 0.41 0.50 0.59 0.66 0.72 0.78 0.84 0.91 0.99 1.07 1.14 1.19 1.18 1.13 1.07 1.00 0.93 0.90 0.93 1.02 1.01 0.89 0.82 0.87 0.94 0.96 0.96 0.96 0.97 1.01 1.04 1.04 -999 -999 -999 -999 0.78 0.78 0.79 0.82 -999 -999 -999 -999 -999 -999 -999 -999 -999 -999 -999 -999 -999 -999 -999 -999 -999 -999 -999 -999 -999 -999 -999 -999 -999 -999 -999 -999 -999 -999 -999 -999 -999 -999 -999 -999 -999 -999 -999 -999 -999 -999 -999 -999 -999
-0.98 -1.33 -1.74 -2.15 -2.55 -2.76 -2.70 -2.32 -1.79 -1.22 -0.71 -0.30 -0.09 -999 -999 -999 0.38 0.32 0.26 0.20 0.15 0.14 0.21 0.34 0.45 0.54 0.61 0.66 0.72 0.78 0.86 0.95 1.03 1.10 1.15 1.14 1.10 1.04 0.98 0.93 0.93 0.98 1.06 1.07 0.97 0.88 0.87 0.89 0.91 0.92 0.93 0.94 0.96 0.98 0.99 -999 -999 -999 -999 -999 -999 0.82 -999 -999 -999 -999 -999 -999 -999 -999 -999 -999 -999 -999 -999 -999 -999 -999 -999 -999 -999 -999 -999 -999 -999 -999 -999 -999 -999 -999 -999 -999 -999 -999 -999 -999 -999 -999 -999 -999 -999 -999 -999 -999 -999 -999 -999 -999
-999 -999 -999 -2.37 -2.85 -3.10 -3.05 -2.65 -2.07 -1.44 -0.88 -0.44 -0.18 -999 -999 -999 -999 0.29 0.24 0.16 0.04 0.04 0.15 0.30 0.42 0.51 0.57 0.61 0.66 0.72 0.80 0.89 0.97 1.03 1.09 1.07 1.04 1.01 0.96 0.93 0.93 0.96 1.01 1.01 0.95 0.89 0.87 0.87 0.88 0.89 0.91 0.92 0.94 0.95 -999 -999 -999 -999 -999 -999 -999 -999 -999 -999 -999 -999 -999 -999 -999 -999 -999 -999 -999 -999 -999 -999 -999 -999 -999 -999 -999 -999 -999 -999 -999 -999 -999 -999 -999 -999 -999 -999 -999 -999 -999 -999 -999 -999 -999 -999 -999 -999 -999 -999 -999 -999 -999 -999
-999 -999 -999 -999 -999 -3.21 -3.09 -2.70 -2.14 -1.52 -0.96 -0.52 -0.26 -999 -999 -999 -999 -999 -999 -999 0.06 0.07 0.17 0.31 0.42 0.50 0.53 0.56 0.60 0.66 0.74 0.83 0.90 0.96 -999 1.01 0.99 -999 0.94 0.93 0.92 0.93 0.95 0.95 -999 0.89 0.87 0.87 -999 -999 -999 -999 -999 -999 -999 -999 -999 -999 -999 -999 -999 -999 -999 -999 -999 -999 -999 -999 -999 -999 -999 -999 -999 -999 -999 -999 -999 -999 -999 -999 -999 -999 -999 -999 -999 -999 -999 -999 -999 -999 -999 -999 -999 -999 -999 -999 -999 -999 -999 -999 -999 -999 -999 -999 -999 -999 -999 -999
-999 -999 -999 -999 -999 -999 -999 -2.53 -2.02 -1.45 -0.95 -0.55 -0.32 -999 -999 -999 -999 -999 -999 0.22 0.16 0.17 0.24 0.35 0.44 0.50 0.51 0.52 0.55 0.61 0.69 0.77 0.84 -999 -999 -999 -999 -999 -999 -999 -999 -999 0.92 -999 -999 -999 -999 -999 -999 -999 -999 -999 -999 -999 -999 -999 -999 -999 -999 -999 -999 -999 -999 -999 -999 -999 -999 -999 -999 -999 -999 -999 -999 -999 -999 -999 -999 -999 -999 -999 -999 -999 -999 -999 -999 -999 -999 -999 -999 -999 -999 -999 -999 -999 -999 -999 -999 -999 -999 -999 -999 -999 -999 -999 -999 -999 -999 -999
-999 -999 -999 -999 -999 -999 -999 -999 -999 -1.22 -0.89 -0.59 -999 -999 -999 -999 -999 0.28 0.27 0.26 0.25 0.27 0.32 0.40 0.47 0.50 0.50 0.50 0.53 0.59 0.65 -999 -999 -999 -999 -999 -999 -999 -999 -999 -999 -999 -999 -999 -999 -999 -999 -999 -999 -999 -999 -999 -999 -999 -999 -999 -999 -999 -999 -999 -999 -999 -999 -999 -999 -999 -999 -999 -999 -999 -999 -999 -999 -999 -999 -999 -999 -999 -999 -999 -999 -999 -999 -999 -999 -999 -999 -999 -999 -999 -999 -999 -999 -999 -999 -999 -999 -999 -999 -999 -999 -999 -999 -999 -999 -999 -999 -999
-999 -999 -999 -999 -999 -999 -999 -999 -999 -999 -999 -999 -999 -999 -999 -999 -999 0.29 0.30 0.31 0.32 0.34 0.38 0.44 0.48 0.51 0.51 0.51 -999 -999 -999 -999 -999 -999 -999 -999 -999 -999 -999 -999 -999 -999 -999 -999 -999 -999 -999 -999 -999 -999 -999 -999 -999 -999 -999 -999 -999 -999 -999 -999 -999 -999 -999 -999 -999 -999 -999 -999 -999 -999 -999 -999 -999 -999 -999 -999 -999 -999 -999 -999 -999 -999 -999 -999 -999 -999 -999 -999 -999 -999 -999 -999 -999 -999 -999 -999 -999 -999 -999 -999 -999 -999 -999 -999 -999 -999 -999 -999
-999 -999 -999 -999 -999 -999 -999 -999 -999 -999 -999 -999 -999 -999 -999 -999 -999 -999 0.32 0.34 0.36 0.39 0.42 0.46 0.49 0.52 0.53 0.54 0.56 0.58 -999 -999 -999 -999 -999 -999 -999 -999 -999 -999 -999 -999 -999 -999 -999 -999 -999 -999 -999 -999 -999 -999 -999 -999 -999 -999 -999 -999 -999 -999 -999 -999 -999 -999 -999 -999 -999 -999 -999 -999 -999 -999 -999 -999 -999 -999 -999 -999 -999 -999 -999 -999 -999 -999 -999 -999 -999 -999 -999 -999 -999 -999 -999 -999 -999 -999 -999 -999 -999 -999 -999 -999 -999 -999 -999 -999 -999 -999
-999 -999 -999 -999 -999 -999 -999 -999 -999 -999 -999 -999 -999 -999 -999 -999 -999 -999 -999 0.38 0.40 0.42 0.45 0.48 0.51 0.53 0.54 0.55 0.57 -999 -999 -999 -999 -999 -999 -999 -999 -999 -999 -999 -999 -999 -999 -999 -999 -999 -999 -999 -999 -999 -999 -999 -999 -999 -999 -999 -999 -999 -999 -999 -999 -999 -999 -999 -999 -999 -999 -999 -999 -999 -999 -999 -999 -999 -999 -999 -999 -999 -999 -999 -999 -999 -999 -999 -999 -999 -999 -999 -999 -999 -999 -999 -999 -999 -999 -999 -999 -999 -999 -999 -999 -999 -999 -999 -999 -999 -999 -999
-999 -999 -999 -999 -999 -999 -999 -999 -999 -999 -999 -999 -999 -999 -999 -999 -999 -999 -999 0.40 0.42 0.45 0.47 0.50 0.52 0.53 0.55 0.56 0.57 -999 -999 -999 -999 -999 -999 -999 -999 -999 -999 -999 -999 -999 -999 -999 -999 -999 -999 -999 -999 -999 -999 -999 -999 -999 -999 -999 -999 -999 -999 -999 -999 -999 -999 -999 -999 -999 -999 -999 -999 -999 -999 -999 -999 -999 -999 -999 -999 -999 -999 -999 -999 -999 -999 -999 -999 -999 -999 -999 -999 -999 -999 -999 -999 -999 -999 -999 -999 -999 -999 -999 -999 -999 -999 -999 -999 -999 -999 -999
-999 -999 -999 -999 -999 -999 -999 -999 -999 -999 -999 -999 -999 -999 -999 -999 -999 -999 -999 -999 -999 0.46 0.49 0.51 0.53 0.54 0.55 0.56 0.56 -999 -999 -999 -999 -999 -999 -999 -999 -999 -999 -999 -999 -999 -999 -999 -999 -999 -999 -999 -999 -999 -999 -999 -999 -999 -999 -999 -999 -999 -999 -999 -999 -999 -999 -999 -999 -999 -999 -999 -999 -999 -999 -999 -999 -999 -999 -999 -999 -999 -999 -999 -999 -999 -999 -999 -999 -999 -999 -999 -999 -999 -999 -999 -999 -999 -999 -999 -999 -999 -999 -999 -999 -999 -999 -999 -999 -999 -999 -999
-999 -999 -999 -999 -999 -999 -999 -999 -999 -999 -999 -999 -999 -999 -999 -999 -999 -999 -999 -999 -999 -999 0.50 0.52 0.53 0.54 0.55 0.54 0.54 -999 -999 -999 -999 -999 -999 -999 -999 -999 -999 -999 -999 -999 -999 -999 -999 -999 -999 -999 -999 -999 -999 -999 -999 -999 -999 -999 -999 -999 -999 -999 -999 -999 -999 -999 -999 -999 -999 -999 -999 -999 -999 -999 -999 -999 -999 -999 -999 -999 -999 -999 -999 -999 -999 -999 -999 -999 -999 -999 -999 -999 -999 -999 -999 -999 -999 -999 -999 -999 -999 -999 -999 -999 -999 -999 -999 -999 -999 -999
-999 -999 -999 -999 -999 -999 -999 -999 -999 -999 -999 -999 -999 -999 -999 -999 -999 -999 -999 -999 -999 -999 0.52 0.53 0.54 0.54 0.54 0.53 0.52 -999 -999 -999 -999 -999 -999 -999 -999 -999 -999 -999 -999 -999 -999 -999 -999 -999 -999 -999 -999 -999 -999 -999 -999 -999 -999 -999 -999 -999 -999 -999 -999 -999 -999 -999 -999 -999 -999 -999 -999 -999 -999 -999 -999 -999 -999 -999 -999 -999 -999 -999 -999 -999 -999 -999 -999 -999 -999 -999 -999 -999 -999 -999 -999 -999 -999 -999 -999 -999 -999 -999 -999 -999 -999 -999 -999 -999 -999 -999
-999 -999 -999 -999 -999 -999 -999 -999 -999 -999 -999 -999 -999 -999 -999 -999 -999 -999 -999 -999 -999 -999 0.52 0.53 0.54 0.54 0.53 0.52 0.51 0.50 0.51 -999 -999 -999 -999 -999 -999 -999 -999 -999 -999 -999 -999 -999 -999 -999 -999 -999 -999 -999 -999 -999 -999 -999 -999 -999 -999 -999 -999 -999 -999 -999 -999 -999 -999 -999 -999 -999 -999 -999 -999 -999 -999 -999 -999 -999 -999 -999 -999 -999 -999 -999 -999 -999 -999 -999 -999 -999 -999 -999 -999 -999 -999 -999 -999 -999 -999 -999 -999 -999 -999 -999 -999 -999 -999 -999 -999 -999
-999 -999 -999 -999 -999 -999 -999 -999 -999 -999 -999 -999 -999 -999 -999 -999 -999 -999 -999 -999 -999 -999 -999 -999 0.54 0.54 0.54 0.52 0.51 0.51 0.52 0.54 -999 -999 -999 -999 -999 -999 -999 -999 -999 -999 -999 -999 -999 -999 -999 -999 -999 -999 -999 -999 -999 -999 -999 -999 -999 -999 -999 -999 -999 -999 -999 -999 -999 -999 -999 -999 -999 -999 -999 -999 -999 -999 -999 -999 -999 -999 -999 -999 -999 -999 -999 -999 -999 -999 -999 -999 -999 -999 -999 -999 -999 -999 -999 -999 -999 -999 -999 -999 -999 -999 -999 -999 -999 -999 -999 -999
-999 -999 -999 -999 -999 -999 -999 -999 -999 -999 -999 -999 -999 -999 -999 -999 -999 -999 -999 -999 -999 -999 -999 -999 0.54 0.55 0.54 0.53 0.52 0.52 0.53 0.55 0.58 0.61 0.64 -999 -999 -999 -999 -999 -999 -999 -999 -999 -999 -999 -999 -999 -999 -999 -999 -999 -999 -999 -999 -999 -999 -999 -999 -999 -999 -999 -999 -999 -999 -999 -999 -999 -999 -999 -999 -999 -999 -999 -999 -999 -999 -999 -999 -999 -999 -999 -999 -999 -999 -999 -999 -999 -999 -999 -999 -999 -999 -999 -999 -999 -999 -999 -999 -999 -999 -999 -999 -999 -999 -999 -999 -999
-999 -999 -999 -999 -999 -999 -999 -999 -999 -999 -999 -999 -999 -999 -999 -999 -999 -999 -999 -999 -999 -999 -999 -999 -999 -999 0.55 0.54 0.54 0.54 0.55 0.57 0.59 0.62 0.65 0.67 0.69 -999 -999 -999 -999 -999 -999 -999 -999 -999 -999 -999 -999 -999 -999 -999 -999 -999 -999 -999 -999 -999 -999 -999 -999 -999 -999 -999 -999 -999 -999 -999 -999 -999 -999 -999 -999 -999 -999 -999 -999 -999 -999 -999 -999 -999 -999 -999 -999 -999 -999 -999 -999 -999 -999 -999 -999 -999 -999 -999 -999 -999 -999 -999 -999 -999 -999 -999 -999 -999 -999 -999
-999 -999 -999 -999 -999 -999 -999 -999 -999 -999 -999 -999 -999 -999 -999 -999 -999 -999 -999 -999 -999 -999 -999 -999 -999 -999 -999 0.55 0.56 0.56 0.57 0.59 0.61 0.63 0.65 0.67 0.69 0.70 -999 -999 -999 -999 -999 -999 -999 -999 -999 -999 -999 -999 -999 -999 -999 -999 -999 -999 -999 -999 -999 -999 -999 -999 -999 -999 -999 -999 -999 -999 -999 -999 -999 -999 -999 -999 -999 -999 -999 -999 -999 -999 -999 -999 -999 -999 -999 -999 -999 -999 -999 -999 -999 -999 -999 -999 -999 -999 -999 -999 -999 -999 -999 -999 -999 -999 -999 -999 -999 -999
-999 -999 -999 -999 -999 -999 -999 -999 -999 -999 -999 -999 -999 -999 -999 -999 -999 -999 -999 -999 -999 -999 -999 -999 -999 -999 -999 -999 -999 -999 0.59 0.60 0.62 0.64 0.66 0.68 0.69 0.71 -999 -999 -999 -999 -999 -999 -999 -999 -999 -999 -999 -999 -999 -999 -999 -999 -999 -999 -999 -999 -999 -999 -999 -999 -999 -999 -999 -999 -999 -999 -999 -999 -999 -999 -999 -999 -999 -999 -999 -999 -999 -999 -999 -999 -999 -999 -999 -999 -999 -999 -999 -999 -999 -999 -999 -999 -999 -999 -999 -999 -999 -999 -999 -999 -999 -999 -999 -999 -999 -999
-999 -999 -999 -999 -999 -999 -999 -999 -999 -999 -999 -999 -999 -999 -999 -999 -999 -999 -999 -999 -999 -999 -999 -999 -999 -999 -999 -999 -999 -999 -999 0.62 0.63 0.65 0.66 0.68 0.69 -999 -999 -999 -999 -999 -999 -999 -999 -999 -999 -999 -999 -999 -999 -999 -999 -999 -999 -999 -999 -999 -999 -999 -999 -999 -999 -999 -999 -999 -999 -999 -999 -999 -999 -999 -999 -999 -999 -999 -999 -999 -999 -999 -999 -999 -999 -999 -999 -999 -999 -999 -999 -999 -999 -999 -999 -999 -999 -999 -999 -999 -999 -999 -999 -999 -999 -999 -999 -999 -999 -999
-999 -999 -999 -999 -999 -999 -999 -999 -999 -999 -999 -999 -999 -999 -999 -999 -999 -999 -999 -999 -999 -999 -999 -999 -999 -999 -999 -999 -999 -999 -999 -999 -999 0.66 0.67 0.68 0.69 -999 -999 -999 -999 -999 -999 -999 -999 -999 -999 -999 -999 -999 -999 -999 -999 -999 -999 -999 -999 -999 -999 -999 -999 -999 -999 -999 -999 -999 -999 -999 -999 -999 -999 -999 -999 -999 -999 -999 -999 -999 -999 -999 -999 -999 -999 -999 -999 -999 -999 -999 -999 -999 -999 -999 -999 -999 -999 -999 -999 -999 -999 -999 -999 -999 -999 -999 -999 -999 -999 -999
