96 50
-999 -999 -999 -999 -999 -999 -999 -999 -999 -999 -999 -999 -999 -999 -999 -999 -999 -999 -999 -999 -999 -999 -999 -999 -999 -999 -999 -999 -999 -999 -999 -999 -999 -999 -999 -999 -999 -999 -999 -999 -999 -999 -999 -999 -999 -999 -999 -999 -999 -999 -999 -999 -999 -999 -999 -999 -999 -999 -999 -999 -999 -999 -999 -999 -999 -999 -999 -999 -999 -999 -999 -999 -999 -999 -999 -999 -999 -999 -999 -0.60 -0.57 -0.54 -0.50 -0.48 -999 -999 -999 -999 -999 -999 -999 -999 -999 -999 -999 -999
-999 -999 -999 -999 -999 -999 -999 -999 -999 -999 -999 -999 -999 -999 -999 -999 -999 -999 -999 -999 -999 -999 -999 -999 -999 -999 -999 -999 -999 -999 -999 -999 -999 -999 -999 -999 -999 -999 -999 -999 -999 -999 -999 -999 -999 -999 -999 -999 -999 -999 -999 -999 -999 -999 -999 -999 -999 -999 -999 -999 -999 -0.80 -0.95 -1.14 -1.36 -1.54 -1.69 -1.75 -1.73 -1.64 -1.52 -1.37 -1.22 -1.13 -999 -999 -0.77 -0.71 -0.65 -0.61 -0.56 -0.53 -0.49 -0.47 -0.45 -0.42 -0.41 -999 -999 -999 -999 -999 -999 -999 -999 -999
-999 -999 -999 -999 -999 -999 -999 -999 -999 -999 -999 -999 -999 -999 -999 -999 -999 -999 -999 -999 -999 -999 -999 -999 -999 -999 -999 -999 -999 -999 -999 -999 -999 -999 -999 -999 -999 -999 -999 -999 -999 -999 -999 -999 -999 -999 -999 -999 -999 -999 -999 -999 -999 -999 -999 -999 -999 -999 -999 -999 -999 -0.73 -0.90 -1.15 -1.41 -1.65 -1.83 -1.90 -1.85 -1.74 -1.59 -1.41 -1.23 -1.10 -0.97 -0.87 -0.77 -0.70 -0.64 -0.59 -0.55 -0.51 -0.48 -0.46 -0.44 -0.42 -0.40 -0.38 -0.37 -999 -999 -999 -999 -999 -999 -999
-999 -999 -999 -999 -999 -999 -999 -999 -999 -999 -999 -999 -999 -999 -999 -999 -999 -999 -999 -999 -999 -999 -999 -999 -999 -999 -999 -999 -999 -999 -999 -999 -999 -999 -999 -999 -999 -999 -999 -999 -999 -999 -999 -999 -999 -999 -999 -999 -999 -999 -999 -999 -999 -999 -999 -999 -999 -999 -999 -999 -999 -0.60 -0.79 -1.11 -1.45 -1.77 -2.00 -2.08 -2.01 -1.85 -1.66 -1.44 -1.24 -1.09 -0.96 -0.85 -0.75 -0.67 -0.61 -0.57 -0.53 -0.50 -0.47 -0.46 -0.44 -0.42 -0.41 -0.39 -0.36 -0.34 -999 -999 -999 -999 -999 -999
-999 -999 -999 -999 -999 -999 -999 -999 -999 -999 -999 -999 -999 -999 -999 -999 -999 -999 -999 -999 -999 -999 -999 -999 -999 -999 -999 -999 -999 -999 -999 -999 -999 -999 -999 -999 -999 -999 -999 -999 -999 -999 -999 -999 -999 -999 -999 -999 -999 -999 -999 -999 -999 -999 -999 -999 -999 -999 -999 -999 -999 -0.40 -0.60 -0.97 -1.39 -1.80 -2.09 -2.18 -2.08 -1.89 -1.67 -1.43 -1.21 -1.05 -0.92 -0.81 -0.71 -0.64 -0.58 -0.54 -0.51 -0.48 -0.47 -0.45 -0.44 -0.43 -0.42 -0.40 -0.38 -0.35 -0.31 -0.26 -0.22 -999 -999 -999
-999 -999 -999 -999 -999 -999 -999 -999 -999 -999 -999 -999 -999 -999 -999 -999 -999 -999 -999 -999 -999 -999 -999 -999 -999 -999 -999 -999 -999 -999 -999 -999 -999 -999 -999 -999 -999 -999 -999 -999 -999 -999 -999 -999 -999 -999 -999 -999 -999 -999 -999 -999 -999 -999 -999 -999 -999 -999 -999 -999 -999 -0.15 -0.31 -0.69 -1.17 -1.65 -1.99 -2.11 -2.01 -1.82 -1.59 -1.35 -1.14 -0.98 -0.85 -0.75 -0.66 -0.59 -0.55 -0.51 -0.49 -0.47 -0.46 -0.45 -0.45 -0.44 -0.44 -0.43 -0.41 -0.38 -0.33 -0.27 -0.19 -0.12 -0.04 0.03
-999 -999 -999 -999 -999 -999 -999 -999 -999 -999 -999 -999 -999 -999 -999 -999 -999 -999 -999 -999 -999 -999 -999 -999 -999 -999 -999 -999 -999 -999 -999 -999 -999 -999 -999 -999 -999 -999 -999 -999 -999 -999 -999 -999 -999 -999 -999 -999 -999 -999 -999 -999 -999 -999 -999 -999 -999 -999 -999 -999 -999 0.10 0.05 -0.29 -0.77 -1.29 -1.67 -1.83 -1.78 -1.62 -1.42 -1.21 -1.02 -0.87 -0.76 -0.67 -0.59 -0.54 -0.50 -0.48 -0.46 -0.45 -0.45 -0.45 -0.46 -0.46 -0.47 -0.47 -0.45 -0.42 -0.37 -0.29 -0.19 -0.09 -0.00 0.06
-999 -999 -999 -999 -999 -999 -999 -999 -999 -999 -999 -999 -999 -999 -999 -999 -999 -999 -999 -999 -999 -999 -999 -0.93 -0.93 -0.93 -0.93 -999 -999 -999 -999 -999 -999 -999 -999 -999 -999 -999 -999 -999 -999 -999 -999 -999 -999 -999 -999 -999 -999 -999 -999 -999 -999 -999 -999 -999 -999 -999 -999 0.34 0.44 -999 0.37 0.12 -0.33 -0.83 -1.21 -1.41 -1.43 -1.33 -1.18 -1.01 -0.86 -0.74 -0.65 -0.57 -0.52 -0.48 -0.45 -0.44 -0.43 -0.43 -0.44 -0.45 -0.47 -0.49 -0.51 -0.52 -0.52 -0.49 -0.44 -0.33 -0.19 -0.05 0.07 0.16
-999 -999 -999 -999 -999 -999 -999 -999 -999 -999 -999 -999 -999 -999 -999 -999 -999 -999 -999 -999 -999 -999 -999 -0.94 -0.94 -0.94 -0.93 -0.94 -999 -999 -999 -999 -999 -999 -999 -999 -999 -999 -999 -999 -999 -999 -999 -999 -999 -999 -999 -999 -999 -999 -999 -999 -999 -999 -999 -999 -0.06 0.07 0.22 0.38 0.54 0.65 0.62 0.38 -0.01 -0.44 -0.78 -0.99 -1.05 -1.00 -0.91 -0.78 -0.67 -0.58 -0.51 -0.46 -0.43 -0.41 -0.40 -0.39 -0.40 -0.41 -0.43 -0.46 -0.49 -0.52 -0.56 -0.59 -0.61 -0.60 -0.54 -0.41 -0.20 -0.00 0.17 0.26
-999 -999 -999 -999 -999 -999 -999 -999 -999 -999 -999 -999 -999 -999 -999 -999 -999 -999 -999 -999 -999 -999 -0.96 -0.96 -0.95 -0.95 -0.95 -0.95 -0.94 -0.94 -0.93 -0.93 -999 -999 -999 -999 -999 -999 -999 -999 -999 -999 -999 -999 -999 -999 -999 -999 -999 -999 -999 -999 -999 -0.42 -0.33 -0.22 -0.10 0.05 0.23 0.40 0.56 0.66 0.64 0.45 0.14 -0.20 -0.47 -0.65 -0.71 -0.69 -0.63 -0.54 -0.46 -0.41 -0.37 -0.34 -0.33 -0.33 -0.34 -0.35 -0.37 -0.39 -0.42 -0.46 -0.50 -0.55 -0.62 -0.68 -0.73 -0.75 -0.71 -0.54 -0.23 0.09 0.33 0.39
-999 -999 -999 -999 -999 -999 -999 -999 -999 -999 -999 -999 -999 -999 -999 -999 -999 -999 -999 -999 -999 -999 -0.97 -0.97 -0.97 -0.97 -0.96 -0.96 -0.96 -0.95 -0.95 -0.94 -0.94 -0.94 -999 -999 -999 -999 -999 -999 -999 -999 -999 -999 -999 -999 -999 -999 -999 -999 -999 -0.60 -0.53 -0.44 -0.35 -0.24 -0.12 0.03 0.19 0.34 0.47 0.56 0.54 0.38 0.16 -0.08 -0.27 -0.40 -0.44 -0.41 -0.36 -0.30 -0.25 -0.22 -0.22 -0.22 -0.23 -0.25 -0.28 -0.30 -0.33 -0.37 -0.41 -0.46 -0.52 -0.58 -0.67 -0.77 -0.87 -0.95 -0.95 -0.75 -0.27 0.25 0.54 -999
-999 -999 -999 -999 -999 -999 -999 -999 -999 -999 -999 -999 -999 -999 -999 -999 -999 -999 -999 -999 -999 -999 -0.98 -0.99 -0.99 -0.98 -0.98 -0.98 -0.97 -0.97 -0.96 -0.96 -0.95 -0.95 -999 -999 -999 -999 -999 -999 -999 -999 -999 -999 -999 -999 -999 -999 -0.76 -0.74 -0.69 -0.63 -0.56 -0.47 -0.38 -0.27 -0.16 -0.03 0.11 0.24 0.34 0.40 0.37 0.27 0.12 -0.04 -0.15 -0.22 -0.22 -0.17 -0.12 -0.07 -0.04 -0.04 -0.06 -0.09 -0.13 -0.18 -0.22 -0.26 -0.30 -0.35 -0.40 -0.46 -0.52 -0.60 -0.71 -0.85 -0.99 -1.14 -1.25 -1.07 -0.30 0.56 0.89 -999
-999 -999 -999 -999 -999 -999 -999 -999 -999 -999 -999 -999 -999 -999 -999 -999 -999 -999 -999 -999 -999 -999 -999 -1.00 -1.00 -1.00 -1.00 -1.00 -0.99 -0.99 -0.98 -0.98 -0.97 -0.96 -0.96 -999 -999 -999 -999 -999 -999 -999 -999 -999 -0.81 -0.80 -0.80 -0.79 -0.78 -0.75 -0.71 -0.66 -0.58 -0.49 -0.41 -0.31 -0.21 -0.10 0.02 0.12 0.19 0.23 0.22 0.15 0.07 -0.02 -0.07 -0.08 -0.03 0.04 0.10 0.15 0.16 0.13 0.08 0.02 -0.04 -0.10 -0.16 -0.21 -0.26 -0.32 -0.38 -0.45 -0.52 -0.61 -0.73 -0.88 -1.05 -1.25 -1.43 -1.30 -0.26 0.93 1.30 -999
-999 -999 -999 -999 -999 -999 -999 -999 -999 -999 -999 -999 -999 -999 -999 -999 -999 -999 -999 -999 -999 -999 -999 -1.02 -1.02 -1.02 -1.02 -1.01 -1.01 -1.01 -1.00 -1.00 -0.99 -0.98 -0.97 -0.97 -0.96 -0.95 -0.93 -0.91 -0.89 -0.87 -0.85 -0.83 -0.81 -0.80 -0.80 -0.80 -0.79 -0.77 -0.73 -0.67 -0.60 -0.52 -0.44 -0.35 -0.26 -0.16 -0.07 0.01 0.07 0.10 0.10 0.07 0.03 0.00 -0.00 0.04 0.12 0.21 0.30 0.34 0.33 0.28 0.21 0.13 0.04 -0.04 -0.11 -0.17 -0.23 -0.29 -0.36 -0.43 -0.50 -0.59 -0.70 -0.85 -1.00 -1.18 -1.31 -1.12 -0.10 0.99 1.41 1.21
-999 -999 -999 -999 -999 -999 -999 -999 -999 -999 -999 -999 -999 -999 -999 -999 -999 -999 -999 -999 -999 -999 -999 -999 -1.04 -1.04 -1.04 -1.03 -1.03 -1.03 -1.02 -1.02 -1.01 -1.00 -1.00 -0.99 -0.98 -0.97 -0.95 -0.94 -0.92 -0.89 -0.87 -0.84 -0.82 -0.81 -0.80 -0.80 -0.79 -0.77 -0.74 -0.68 -0.62 -0.54 -0.46 -0.39 -0.31 -0.23 -0.15 -0.08 -0.03 0.00 0.01 0.01 0.01 0.02 0.05 0.12 0.23 0.35 0.44 0.49 0.47 0.40 0.31 0.21 0.11 0.02 -0.06 -0.13 -0.20 -0.26 -0.33 -0.40 -0.47 -0.55 -0.65 -0.76 -0.87 -0.97 -0.98 -0.72 0.00 0.71 1.03 1.03
-999 -999 -999 -999 -999 -999 -999 -999 -999 -999 -999 -999 -999 -999 -999 -999 -999 -999 -999 -999 -999 -999 -999 -999 -1.05 -1.06 -1.06 -1.05 -1.05 -1.05 -1.04 -1.04 -1.03 -1.03 -1.02 -1.02 -1.01 -1.00 -0.99 -0.97 -0.95 -0.92 -0.90 -0.86 -0.83 -0.82 -0.81 -0.80 -0.79 -0.78 -0.74 -0.69 -0.63 -0.55 -0.49 -0.42 -0.35 -0.28 -0.21 -0.15 -0.10 -0.07 -0.04 -0.02 0.00 0.03 0.09 0.18 0.31 0.43 0.53 0.58 0.55 0.47 0.37 0.27 0.16 0.06 -0.03 -0.10 -0.17 -0.24 -0.30 -0.37 -0.43 -0.50 -0.58 -0.65 -0.71 -0.74 -0.68 -0.43 0.02 0.45 0.70 0.78
-999 -999 -999 -999 -999 -999 -999 -999 -999 -999 -999 -999 -999 -999 -999 -999 -999 -999 -999 -999 -999 -999 -999 -999 -999 -1.07 -1.08 -1.08 -1.07 -1.07 -1.07 -1.06 -1.06 -1.05 -1.05 -1.05 -1.04 -1.03 -1.02 -1.01 -0.99 -0.97 -0.94 -0.90 -0.87 -0.84 -0.83 -0.82 -0.80 -0.78 -0.74 -0.70 -0.63 -0.56 -0.50 -0.44 -0.38 -0.31 -0.25 -0.20 -0.15 -0.11 -0.07 -0.04 -0.00 0.05 0.11 0.21 0.33 0.45 0.54 0.59 0.56 0.49 0.39 0.29 0.18 0.08 -0.00 -0.07 -0.14 -0.21 -0.27 -0.33 -0.39 -0.44 -0.50 -0.54 -0.57 -0.55 -0.47 -0.27 0.01 0.28 0.47 0.59
-999 -999 -999 -999 -999 -999 -999 -999 -999 -999 -999 -999 -999 -999 -999 -999 -999 -999 -999 -999 -999 -999 -999 -999 -999 -999 -999 -1.10 -1.10 -1.09 -1.09 -1.09 -1.08 -1.08 -1.08 -1.08 -1.08 -1.07 -1.07 -1.06 -1.05 -1.03 -1.00 -0.97 -0.93 -0.90 -0.87 -0.85 -0.82 -0.79 -0.75 -0.70 -0.63 -0.57 -0.51 -0.45 -0.40 -0.34 -0.28 -0.23 -0.19 -0.14 -0.09 -0.05 -0.00 0.05 0.12 0.21 0.32 0.42 0.50 0.54 0.52 0.46 0.37 0.28 0.18 0.09 0.01 -0.06 -0.12 -0.19 -0.25 -0.30 -0.35 -0.39 -0.42 -0.45 -0.45 -0.41 -0.34 -0.19 -0.00 0.17 0.31 -999
-999 -999 -999 -999 -999 -999 -999 -999 -999 -999 -999 -999 -999 -999 -999 -999 -999 -999 -999 -999 -999 -999 -999 -999 -999 -999 -999 -1.11 -1.12 -1.12 -1.11 -1.11 -1.11 -1.11 -1.11 -1.11 -1.11 -1.12 -1.12 -1.12 -1.11 -1.10 -1.08 -1.05 -1.01 -0.98 -0.94 -0.90 -0.86 -0.81 -0.76 -0.70 -0.63 -0.56 -0.51 -0.46 -0.41 -0.36 -0.30 -0.26 -0.21 -0.16 -0.10 -0.05 0.00 0.06 0.12 0.20 0.28 0.36 0.42 0.46 0.44 0.40 0.33 0.25 0.17 0.09 0.02 -0.05 -0.11 -0.16 -0.22 -999 -999 -0.37 -0.37 -0.37 -0.36 -0.33 -0.29 -0.16 -0.07 -999 -999 -999
-999 -999 -999 -999 -999 -999 -999 -999 -999 -999 -999 -999 -999 -999 -999 -999 -999 -999 -999 -999 -999 -999 -999 -999 -999 -999 -999 -999 -1.15 -1.14 -1.14 -1.14 -1.13 -1.13 -1.14 -1.14 -1.15 -1.16 -1.17 -1.18 -1.19 -1.19 -1.18 -1.16 -1.12 -1.08 -1.03 -0.97 -0.91 -0.84 -0.77 -0.70 -0.62 -0.55 -0.49 -0.45 -0.41 -0.36 -0.32 -0.27 -0.22 -0.16 -0.10 -0.04 0.02 0.07 0.13 0.19 0.25 0.30 0.34 0.37 0.36 0.32 0.27 0.21 0.14 0.08 0.02 -0.04 -0.08 -999 -999 -999 -999 -999 -999 -0.33 -0.32 -999 -999 -999 -999 -999 -999 -999
-999 -999 -999 -999 -999 -999 -999 -999 -999 -999 -999 -999 -999 -999 -999 -999 -999 -999 -999 -999 -999 -999 -999 -999 -999 -999 -999 -1.19 -1.18 -1.17 -1.16 -1.16 -1.16 -1.16 -1.17 -1.17 -1.19 -1.20 -1.23 -1.25 -1.27 -1.29 -1.30 -1.29 -1.26 -1.21 -1.14 -1.06 -0.96 -0.88 -0.78 -0.70 -0.60 -0.52 -0.47 -0.43 -0.39 -0.36 -0.32 -0.28 -0.22 -0.16 -0.09 -0.02 0.04 0.09 0.14 0.19 0.23 0.26 0.28 0.29 0.28 0.26 0.22 0.17 0.12 0.07 -999 -999 -999 -999 -999 -999 -999 -999 -999 -999 -999 -999 -999 -999 -999 -999 -999 -999
-999 -999 -999 -999 -999 -999 -999 -999 -999 -999 -999 -999 -999 -999 -999 -999 -999 -999 -999 -999 -999 -999 -999 -1.24 -1.24 -1.23 -1.22 -1.21 -1.20 -1.20 -1.19 -1.19 -1.18 -1.19 -1.19 -1.20 -1.22 -1.24 -1.28 -1.32 -1.36 -1.41 -1.44 -1.45 -1.42 -1.36 -1.27 -1.15 -1.03 -0.91 -0.80 -0.69 -0.58 -0.49 -0.43 -0.40 -0.37 -0.35 -0.32 -0.28 -0.22 -0.16 -0.07 0.01 0.08 0.14 0.18 0.22 0.24 0.25 0.25 0.25 0.23 0.21 0.18 0.14 0.09 0.04 0.00 -999 -999 -999 -999 -999 -999 -999 -999 -999 -999 -999 -999 -999 -999 -999 -999 -999
-999 -999 -999 -999 -999 -999 -999 -999 -999 -999 -999 -999 -999 -999 -999 -999 -999 -999 -999 -1.24 -1.24 -1.25 -1.26 -1.26 -1.26 -1.26 -1.25 -1.25 -1.24 -1.23 -1.22 -1.21 -1.21 -1.21 -1.22 -1.23 -1.25 -1.28 -1.32 -1.38 -1.45 -1.52 -1.58 -1.62 -1.60 -1.53 -1.41 -1.26 -1.09 -0.95 -0.81 -0.67 -0.54 -0.44 -0.38 -0.36 -0.35 -0.34 -0.32 -0.28 -0.22 -0.14 -0.05 0.05 0.13 0.20 0.25 0.27 0.28 0.27 0.25 0.23 0.21 0.18 0.15 0.12 0.07 0.03 -0.01 -0.04 -999 -999 -999 -999 -999 -999 -999 -999 -999 -999 -999 -999 -999 -999 -999 -999
-999 -999 -999 -999 -999 -999 -999 -999 -999 -999 -999 -999 -999 -999 -999 -999 -999 -999 -1.25 -1.25 -1.27 -1.29 -1.30 -1.30 -1.31 -1.30 -1.30 -1.29 -1.27 -1.26 -1.25 -1.24 -1.23 -1.23 -1.23 -1.25 -1.27 -1.30 -1.36 -1.43 -1.52 -1.62 -1.73 -1.80 -1.80 -1.70 -1.55 -1.35 -1.15 -0.98 -0.82 -0.66 -0.51 -0.40 -0.34 -0.32 -0.32 -0.33 -0.32 -0.28 -0.21 -0.13 -0.02 0.09 0.19 0.28 0.33 0.35 0.34 0.31 0.27 0.23 0.20 0.16 0.13 0.10 0.06 0.02 -0.02 -0.05 -999 -999 -999 -999 -999 -999 -999 -999 -999 -999 -999 -999 -999 -999 -999 -999
-999 -999 -999 -999 -999 -999 -999 -999 -999 -999 -999 -999 -999 -999 -999 -999 -999 -999 -1.26 -1.29 -1.31 -1.33 -1.34 -1.35 -1.36 -1.35 -1.34 -1.33 -1.31 -1.29 -1.28 -1.26 -1.25 -1.25 -1.25 -1.26 -1.28 -1.32 -1.38 -1.46 -1.56 -1.70 -1.84 -1.96 -1.97 -1.85 -1.65 -1.42 -1.20 -1.01 -0.83 -0.66 -0.50 -0.38 -0.32 -0.30 -0.31 -0.33 -0.32 -0.28 -0.21 -0.12 0.01 0.14 0.26 0.35 0.41 0.43 0.41 0.36 0.30 0.25 0.20 0.16 0.12 0.08 0.05 0.01 -0.01 -999 -999 -999 -999 -999 -999 -999 -999 -999 -999 -999 -999 -999 -999 -999 -999 -999
-999 -999 -999 -999 -999 -999 -999 -999 -999 -999 -999 -999 -999 -999 -999 -999 -1.23 -1.26 -1.29 -1.33 -1.36 -1.38 -1.40 -1.41 -1.41 -1.41 -1.40 -1.38 -1.36 -1.33 -1.31 -1.29 -1.27 -1.26 -1.26 -1.27 -1.29 -1.32 -1.37 -1.45 -1.56 -1.71 -1.88 -2.05 -2.06 -1.91 -1.68 -1.43 -1.21 -1.03 -0.85 -0.68 -0.52 -0.40 -0.33 -0.31 -0.32 -0.33 -0.32 -0.28 -0.20 -0.11 0.03 0.17 0.30 0.40 0.47 0.48 0.45 0.39 0.33 0.26 0.20 0.15 0.11 0.07 0.04 -999 -999 -999 -999 -999 -999 -999 -999 -999 -999 -999 -999 -999 -999 -999 -999 -999 -999 -999
-999 -999 -999 -999 -999 -999 -999 -999 -999 -999 -999 -999 -999 -999 -999 -999 -1.25 -1.29 -1.33 -1.37 -1.41 -1.44 -1.46 -1.48 -1.48 -1.47 -1.46 -1.44 -1.41 -1.37 -1.34 -1.32 -1.29 -1.28 -1.27 -1.27 -1.28 -1.30 -1.35 -1.41 -1.51 -1.63 -1.80 -1.96 -1.97 -1.81 -1.59 -1.38 -1.19 -1.03 -0.87 -0.71 -0.56 -0.44 -0.38 -0.35 -0.35 -0.34 -0.32 -0.28 -0.20 -0.10 0.03 0.18 0.31 0.41 0.48 0.49 0.46 0.40 0.33 0.26 0.19 0.14 0.10 0.06 0.04 -999 -999 -999 -999 -999 -999 -999 -999 -999 -999 -999 -999 -999 -999 -999 -999 -999 -999 -999
-999 -999 -999 -999 -999 -999 -999 -999 -999 -999 -999 -999 -999 -999 -999 -999 -1.28 -1.32 -1.37 -1.42 -1.47 -1.51 -1.54 -1.56 -1.56 -1.55 -1.53 -1.51 -1.47 -1.42 -1.38 -1.35 -1.32 -1.29 -1.27 -1.26 -1.26 -1.28 -1.30 -1.35 -1.40 -1.48 -1.57 -1.64 -1.63 -1.52 -1.40 -1.27 -1.14 -1.02 -0.89 -0.75 -0.62 -0.51 -0.44 -0.40 -0.38 -0.37 -0.33 -0.28 -0.21 -0.14 0.06 0.17 0.28 0.38 0.44 0.45 0.43 0.38 0.32 0.25 0.19 0.15 -999 -999 -999 -999 -999 -999 -999 -999 -999 -999 -999 -999 -999 -999 -999 -999 -999 -999 -999 -999 -999 -999
-999 -999 -999 -999 -999 -999 -999 -999 -999 -999 -999 -999 -999 -999 -999 -999 -1.31 -1.35 -1.42 -1.48 -1.54 -1.59 -1.62 -1.65 -1.65 -1.65 -1.62 -1.59 -1.54 -1.48 -1.43 -1.38 -1.34 -1.30 -1.27 -1.25 -1.25 -1.25 -1.25 -1.27 -1.29 -1.30 -1.29 -1.24 -1.19 -1.17 -1.17 -1.15 -1.08 -1.00 -0.89 -0.78 -0.67 -0.57 -0.50 -0.45 -0.42 -0.39 -999 -999 -999 -999 -999 -999 0.24 0.31 0.37 0.40 -999 -999 -999 -999 -999 -999 -999 -999 -999 -999 -999 -999 -999 -999 -999 -999 -999 -999 -999 -999 -999 -999 -999 -999 -999 -999 -999 -999
-999 -999 -999 -999 -999 -999 -999 -999 -999 -999 -999 -999 -999 -999 -999 -999 -1.33 -1.39 -1.46 -1.54 -1.61 -1.67 -1.72 -1.75 -1.76 -1.75 -1.73 -1.68 -1.62 -1.55 -1.48 -1.42 -1.36 -1.31 -1.27 -1.25 -1.23 -1.22 -1.21 -1.20 -1.19 -1.15 -1.08 -0.96 -0.89 -0.93 -1.00 -1.04 -1.03 -0.97 -0.91 -0.81 -0.68 -0.61 -0.56 -999 -999 -999 -999 -999 -999 -999 -999 -999 0.22 0.26 0.31 -999 -999 -999 -999 -999 -999 -999 -999 -999 -999 -999 -999 -999 -999 -999 -999 -999 -999 -999 -999 -999 -999 -999 -999 -999 -999 -999 -999 -999
-999 -999 -999 -999 -999 -999 -999 -999 -999 -999 -999 -999 -999 -999 -999 -999 -1.35 -1.42 -1.51 -1.60 -1.69 -1.77 -1.82 -1.87 -1.89 -1.88 -1.85 -1.79 -1.71 -1.63 -1.54 -1.46 -1.39 -1.33 -1.27 -1.24 -1.21 -1.19 -1.17 -1.15 -1.12 -1.07 -0.99 -0.87 -0.81 -0.85 -0.93 -0.98 -0.99 -0.95 -0.92 -999 -999 -999 -999 -999 -999 -999 -999 -999 -999 -999 -999 -999 -999 -999 -999 -999 -999 -999 -999 -999 -999 -999 -999 -999 -999 -999 -999 -999 -999 -999 -999 -999 -999 -999 -999 -999 -999 -999 -999 -999 -999 -999 -999 -999
-999 -999 -999 -999 -999 -999 -999 -999 -999 -999 -999 -999 -999 -999 -999 -1.28 -1.35 -1.45 -1.55 -1.67 -1.78 -1.87 -1.94 -2.00 -2.03 -2.02 -1.98 -1.92 -1.82 -1.71 -1.61 -1.51 -1.42 -1.34 -1.28 -1.23 -1.20 -1.17 -1.14 -1.12 -1.09 -1.05 -0.99 -0.89 -0.85 -0.87 -0.92 -0.96 -0.96 -0.95 -999 -999 -999 -999 -999 -999 -999 -999 -999 -999 -999 -999 -999 -999 -999 -999 -999 -999 -999 -999 -999 -999 -999 -999 -999 -999 -999 -999 -999 -999 -999 -999 -999 -999 -999 -999 -999 -999 -999 -999 -999 -999 -999 -999 -999 -999
-999 -999 -999 -999 -999 -999 -999 -999 -999 -999 -999 -999 -999 -999 -999 -1.26 -1.36 -1.47 -1.59 -1.73 -1.86 -1.97 -2.06 -2.14 -2.18 -2.17 -2.13 -2.05 -1.93 -1.80 -1.68 -1.56 -1.45 -1.36 -1.28 -1.23 -1.19 -1.15 -1.13 -1.11 -1.09 -1.07 -1.02 -0.96 -0.92 -0.92 -0.94 -0.96 -0.95 -0.94 -999 -999 -999 -999 -999 -999 -999 -999 -999 -999 -999 -999 -999 -999 -999 -999 -999 -999 -999 -999 -999 -999 -999 -999 -999 -999 -999 -999 -999 -999 -999 -999 -999 -999 -999 -999 -999 -999 -999 -999 -999 -999 -999 -999 -999 -999
-999 -999 -999 -999 -999 -999 -999 -999 -999 -999 -999 -999 -999 -999 -999 -1.25 -1.36 -1.49 -1.63 -1.78 -1.94 -2.07 -2.18 -2.27 -2.32 -2.32 -2.28 -2.18 -2.05 -1.89 -1.74 -1.61 -1.49 -1.38 -1.29 -1.23 -1.18 -1.14 -1.12 -1.10 -1.10 -1.09 -1.06 -1.02 -0.98 -0.97 -0.96 -0.96 -0.95 -999 -999 -999 -999 -999 -999 -999 -999 -999 -999 -999 -999 -999 -999 -999 -999 -999 -999 -999 -999 -999 -999 -999 -999 -999 -999 -999 -999 -999 -999 -999 -999 -999 -999 -999 -999 -999 -999 -999 -999 -999 -999 -999 -999 -999 -999 -999
-999 -999 -999 -999 -999 -999 -999 -999 -999 -999 -999 -999 -999 -999 -1.13 -1.22 -1.35 -1.49 -1.65 -1.82 -2.00 -2.15 -2.28 -2.39 -2.46 -2.46 -2.40 -2.30 -2.15 -1.97 -1.80 -1.65 -1.52 -1.39 -1.30 -1.23 -1.18 -1.14 -1.11 -1.10 -1.10 -1.10 -1.08 -1.05 -1.02 -1.00 -999 -999 -999 -999 -999 -999 -999 -999 -999 -999 -999 -999 -999 -999 -999 -999 -999 -999 -999 -999 -999 -999 -999 -999 -999 -999 -999 -999 -999 -999 -999 -999 -999 -999 -999 -999 -999 -999 -999 -999 -999 -999 -999 -999 -999 -999 -999 -999 -999 -999
-999 -999 -999 -999 -999 -999 -999 -999 -999 -999 -999 -999 -999 -0.94 -1.05 -1.19 -1.33 -1.48 -1.65 -1.84 -2.03 -2.20 -2.35 -2.48 -2.55 -2.55 -2.50 -2.39 -2.22 -2.03 -1.85 -1.68 -1.54 -1.41 -1.31 -1.23 -1.18 -1.14 -1.11 -1.10 -1.10 -1.10 -1.09 -1.06 -1.04 -1.01 -999 -999 -999 -999 -999 -999 -999 -999 -999 -999 -999 -999 -999 -999 -999 -999 -999 -999 -999 -999 -999 -999 -999 -999 -999 -999 -999 -999 -999 -999 -999 -999 -999 -999 -999 -999 -999 -999 -999 -999 -999 -999 -999 -999 -999 -999 -999 -999 -999 -999
-999 -999 -999 -999 -999 -999 -999 -999 -0.58 -0.61 -0.66 -0.72 -0.80 -0.89 -1.01 -1.15 -1.29 -1.46 -1.63 -1.83 -2.04 -2.22 -2.38 -2.51 -2.61 -2.59 -2.53 -2.42 -2.25 -2.05 -1.87 -1.70 -1.56 -1.42 -1.31 -1.24 -1.19 -1.15 -1.12 -1.10 -1.10 -1.09 -1.08 -1.07 -999 -999 -999 -999 -999 -999 -999 -999 -999 -999 -999 -999 -999 -999 -999 -999 -999 -999 -999 -999 -999 -999 -999 -999 -999 -999 -999 -999 -999 -999 -999 -999 -999 -999 -999 -999 -999 -999 -999 -999 -999 -999 -999 -999 -999 -999 -999 -999 -999 -999 -999 -999
-999 -999 -999 -999 -999 -999 -0.53 -0.54 -0.56 -0.58 -0.63 -0.68 -0.75 -0.84 -0.96 -1.10 -1.24 -1.41 -1.59 -1.80 -2.01 -2.19 -2.35 -2.48 -2.55 -2.56 -2.50 -2.39 -2.23 -2.04 -1.87 -1.70 -1.56 -1.43 -1.32 -1.25 -1.19 -1.15 -1.12 -1.11 -1.10 -1.09 -1.08 -1.07 -999 -999 -999 -999 -999 -999 -999 -999 -999 -999 -999 -999 -999 -999 -999 -999 -999 -999 -999 -999 -999 -999 -999 -999 -999 -999 -999 -999 -999 -999 -999 -999 -999 -999 -999 -999 -999 -999 -999 -999 -999 -999 -999 -999 -999 -999 -999 -999 -999 -999 -999 -999
-999 -999 -999 -999 -999 -999 -0.51 -0.52 -0.53 -0.55 -0.59 -0.64 -0.70 -0.78 -0.90 -1.03 -1.18 -1.34 -1.52 -1.73 -1.94 -2.11 -2.27 -2.39 -2.46 -2.47 -2.42 -2.32 -2.17 -2.00 -1.84 -1.69 -1.55 -1.43 -1.33 -1.26 -1.20 -1.16 -1.13 -1.11 -1.10 -1.09 -1.08 -999 -999 -999 -999 -999 -999 -999 -999 -999 -999 -999 -999 -999 -999 -999 -999 -999 -999 -999 -999 -999 -999 -999 -999 -999 -999 -999 -999 -999 -999 -999 -999 -999 -999 -999 -999 -999 -999 -999 -999 -999 -999 -999 -999 -999 -999 -999 -999 -999 -999 -999 -999 -999
-999 -999 -999 -999 -999 -999 -0.50 -0.51 -0.51 -0.53 -0.56 -0.60 -0.65 -0.73 -0.83 -0.96 -1.10 -1.26 -1.44 -1.64 -1.83 -2.00 -2.15 -2.26 -2.33 -2.33 -2.29 -2.21 -2.08 -1.93 -1.79 -1.66 -1.54 -1.42 -1.33 -1.26 -1.21 -1.17 -1.14 -1.11 -1.10 -999 -999 -999 -999 -999 -999 -999 -999 -999 -999 -999 -999 -999 -999 -999 -999 -999 -999 -999 -999 -999 -999 -999 -999 -999 -999 -999 -999 -999 -999 -999 -999 -999 -999 -999 -999 -999 -999 -999 -999 -999 -999 -999 -999 -999 -999 -999 -999 -999 -999 -999 -999 -999 -999 -999
-0.53 -999 -999 -999 -999 -999 -0.50 -0.50 -0.50 -0.51 -0.53 -0.56 -0.60 -0.67 -0.76 -0.89 -1.02 -1.17 -1.33 -1.52 -1.71 -1.86 -2.00 -2.10 -2.17 -2.18 -2.14 -2.08 -1.97 -1.85 -1.73 -1.61 -1.51 -1.41 -1.32 -1.26 -1.21 -1.18 -999 -999 -999 -999 -999 -999 -999 -999 -999 -999 -999 -999 -999 -999 -999 -999 -999 -999 -999 -999 -999 -999 -999 -999 -999 -999 -999 -999 -999 -999 -999 -999 -999 -999 -999 -999 -999 -999 -999 -999 -999 -999 -999 -999 -999 -999 -999 -999 -999 -999 -999 -999 -999 -999 -999 -999 -999 -999
-0.53 -0.52 -0.51 -0.50 -0.50 -0.50 -0.50 -0.50 -0.50 -0.49 -0.50 -0.51 -0.55 -0.60 -0.69 -0.80 -0.93 -1.07 -1.22 -1.40 -1.57 -1.72 -1.84 -1.94 -2.00 -2.01 -1.99 -1.94 -1.86 -1.76 -1.66 -1.57 -1.48 -1.39 -1.32 -1.28 -999 -999 -999 -999 -999 -999 -999 -999 -999 -999 -999 -999 -999 -999 -999 -999 -999 -999 -999 -999 -999 -999 -999 -999 -999 -999 -999 -999 -999 -999 -999 -999 -999 -999 -999 -999 -999 -999 -999 -999 -999 -999 -999 -999 -999 -999 -999 -999 -999 -999 -999 -999 -999 -999 -999 -999 -999 -999 -999 -999
-0.52 -0.51 -0.50 -0.50 -0.49 -0.49 -0.49 -0.49 -0.48 -0.46 -0.45 -0.46 -0.48 -0.53 -0.60 -0.71 -0.83 -0.97 -1.11 -1.28 -1.44 -1.57 -1.68 -1.77 -1.83 -1.85 -1.84 -1.80 -1.74 -1.67 -1.59 -1.51 -1.44 -1.37 -1.32 -999 -999 -999 -999 -999 -999 -999 -999 -999 -999 -999 -999 -999 -999 -999 -999 -999 -999 -999 -999 -999 -999 -999 -999 -999 -999 -999 -999 -999 -999 -999 -999 -999 -999 -999 -999 -999 -999 -999 -999 -999 -999 -999 -999 -999 -999 -999 -999 -999 -999 -999 -999 -999 -999 -999 -999 -999 -999 -999 -999 -999
-0.51 -0.50 -0.49 -0.48 -0.48 -0.48 -0.47 -0.46 -0.43 -0.40 -0.38 -0.37 -0.39 -0.44 -0.53 -0.64 -999 -999 -1.03 -1.15 -1.30 -1.43 -1.53 -1.62 -1.68 -1.70 -1.70 -1.69 -1.67 -1.60 -1.54 -1.49 -999 -999 -999 -999 -999 -999 -999 -999 -999 -999 -999 -999 -999 -999 -999 -999 -999 -999 -999 -999 -999 -999 -999 -999 -999 -999 -999 -999 -999 -999 -999 -999 -999 -999 -999 -999 -999 -999 -999 -999 -999 -999 -999 -999 -999 -999 -999 -999 -999 -999 -999 -999 -999 -999 -999 -999 -999 -999 -999 -999 -999 -999 -999 -999
-999 -0.49 -0.48 -0.47 -0.46 -0.44 -0.43 -0.40 -0.36 -0.31 -0.28 -0.29 -0.33 -999 -999 -999 -999 -0.76 -0.89 -1.04 -1.18 -1.30 -1.39 -1.48 -1.54 -1.60 -1.62 -999 -999 -999 -999 -999 -999 -999 -999 -999 -999 -999 -999 -999 -999 -999 -999 -999 -999 -999 -999 -999 -999 -999 -999 -999 -999 -999 -999 -999 -999 -999 -999 -999 -999 -999 -999 -999 -999 -999 -999 -999 -999 -999 -999 -999 -999 -999 -999 -999 -999 -999 -999 -999 -999 -999 -999 -999 -999 -999 -999 -999 -999 -999 -999 -999 -999 -999 -999 -999
-999 -999 -0.46 -0.44 -0.42 -0.40 -0.37 -0.32 -0.27 -0.21 -0.19 -999 -999 -999 -999 -999 -0.63 -0.68 -0.80 -0.94 -1.07 -1.18 -1.28 -1.36 -1.43 -999 -999 -999 -999 -999 -999 -999 -999 -999 -999 -999 -999 -999 -999 -999 -999 -999 -999 -999 -999 -999 -999 -999 -999 -999 -999 -999 -999 -999 -999 -999 -999 -999 -999 -999 -999 -999 -999 -999 -999 -999 -999 -999 -999 -999 -999 -999 -999 -999 -999 -999 -999 -999 -999 -999 -999 -999 -999 -999 -999 -999 -999 -999 -999 -999 -999 -999 -999 -999 -999 -999
-999 -999 -0.44 -0.42 -0.39 -0.35 -0.31 -0.25 -0.19 -0.12 -0.08 -999 -999 -999 -999 -999 -999 -0.64 -0.72 -0.86 -0.98 -1.08 -1.19 -1.27 -999 -999 -999 -999 -999 -999 -999 -999 -999 -999 -999 -999 -999 -999 -999 -999 -999 -999 -999 -999 -999 -999 -999 -999 -999 -999 -999 -999 -999 -999 -999 -999 -999 -999 -999 -999 -999 -999 -999 -999 -999 -999 -999 -999 -999 -999 -999 -999 -999 -999 -999 -999 -999 -999 -999 -999 -999 -999 -999 -999 -999 -999 -999 -999 -999 -999 -999 -999 -999 -999 -999 -999
-999 -999 -0.42 -0.40 -0.36 -0.32 -0.26 -0.20 -0.13 -0.06 -0.02 -0.00 -999 -999 -999 -999 -0.45 -0.55 -0.66 -0.79 -0.90 -0.99 -999 -999 -999 -999 -999 -999 -999 -999 -999 -999 -999 -999 -999 -999 -999 -999 -999 -999 -999 -999 -999 -999 -999 -999 -999 -999 -999 -999 -999 -999 -999 -999 -999 -999 -999 -999 -999 -999 -999 -999 -999 -999 -999 -999 -999 -999 -999 -999 -999 -999 -999 -999 -999 -999 -999 -999 -999 -999 -999 -999 -999 -999 -999 -999 -999 -999 -999 -999 -999 -999 -999 -999 -999 -999
-999 -999 -0.40 -0.38 -0.34 -0.29 -0.23 -0.17 -0.10 -0.04 -0.01 -0.00 -999 -999 -999 -999 -0.40 -0.50 -0.61 -0.73 -0.85 -999 -999 -999 -999 -999 -999 -999 -999 -999 -999 -999 -999 -999 -999 -999 -999 -999 -999 -999 -999 -999 -999 -999 -999 -999 -999 -999 -999 -999 -999 -999 -999 -999 -999 -999 -999 -999 -999 -999 -999 -999 -999 -999 -999 -999 -999 -999 -999 -999 -999 -999 -999 -999 -999 -999 -999 -999 -999 -999 -999 -999 -999 -999 -999 -999 -999 -999 -999 -999 -999 -999 -999 -999 -999 -999
-999 -999 -999 -0.37 -0.33 -0.28 -0.22 -0.17 -0.11 -0.05 -0.02 -0.01 -999 -999 -999 -999 -0.39 -0.48 -0.55 -999 -999 -999 -999 -999 -999 -999 -999 -999 -999 -999 -999 -999 -999 -999 -999 -999 -999 -999 -999 -999 -999 -999 -999 -999 -999 -999 -999 -999 -999 -999 -999 -999 -999 -999 -999 -999 -999 -999 -999 -999 -999 -999 -999 -999 -999 -999 -999 -999 -999 -999 -999 -999 -999 -999 -999 -999 -999 -999 -999 -999 -999 -999 -999 -999 -999 -999 -999 -999 -999 -999 -999 -999 -999 -999 -999 -999
