77 50
-999 -999 -999 -999 -999 -999 -999 -999 -999 -999 -999 -999 -999 -999 -999 -999 -999 -999 -999 -999 -999 -999 -999 -999 -999 -999 -999 -999 -999 -999 -999 -999 -999 -999 -999 -999 -999 -999 -999 -999 -999 -999 -999 -999 -999 -999 0.51 0.53 0.55 0.58 -999 -999 -999 -999 -999 -999 -999 -999 -999 -999 -999 -999 -999 -999 -999 -999 -999 -999 -999 -999 -999 -999 -999 -999 -999 -999 -999
-999 -999 -999 -999 -999 -999 -999 -999 -999 -999 -999 -999 -999 -999 -999 -999 -999 -999 -999 -999 -999 -999 -999 -999 -999 -999 -999 -999 -999 -999 -999 -999 -999 -999 -999 -999 -999 -999 -999 -999 -999 -999 -999 -999 -999 0.49 0.51 0.53 0.56 0.59 0.60 0.59 0.57 0.55 -999 -999 -999 -999 -999 -999 -999 -999 -999 -999 -999 -999 -999 -999 -999 -999 -999 -999 -999 -999 -999 -999 -999
-999 -999 -999 -999 -999 -999 -999 -999 -999 -999 -999 -999 -999 -999 -999 -999 -999 -999 -999 -999 -999 -999 -999 -999 -999 -999 -999 -999 -999 -999 -999 -999 -999 -999 -999 -999 -999 -999 -999 -999 -999 -999 -999 -999 0.47 0.48 0.50 0.53 0.56 0.58 0.59 0.59 0.57 0.54 -999 -999 -999 -999 -999 -999 -999 -999 -999 -999 -999 -999 -999 -999 -999 -999 -999 -999 -999 -999 -999 -999 -999
-999 -999 -999 -999 -999 -999 -999 -999 -999 -999 -999 -999 -999 -999 -999 -999 -999 -999 -999 -999 -999 -999 -999 -999 -999 -999 -999 -999 -999 -999 -999 -999 -999 -999 -999 -999 -999 -999 -999 -999 -999 0.43 0.44 0.46 0.47 0.48 0.50 0.51 0.54 0.56 0.57 0.57 0.55 0.53 -999 -999 -999 -999 -999 -999 -999 -999 -999 -999 -999 -999 -999 -999 -999 -999 -999 -999 -999 -999 -999 -999 -999
-999 -999 -999 -999 -999 -999 -999 -999 -999 -999 -999 -999 -999 -999 -999 -999 -999 -999 -999 -999 -999 -999 -999 -999 -999 -999 -999 -999 -999 -999 -999 -999 -999 -999 -999 -999 -999 -999 -999 0.43 0.43 0.43 0.44 0.46 0.47 0.48 0.49 0.50 0.51 0.53 0.54 0.54 0.53 0.52 -999 -999 -999 -999 -999 -999 -999 -999 -999 -999 -999 -999 -999 -999 -999 -999 -999 -999 -999 -999 -999 -999 -999
-999 -999 -999 -999 -999 -999 -999 -999 -999 -999 -999 -999 -999 -999 -999 -999 -999 -999 -999 -999 -999 -999 -999 -999 -999 -999 -999 -999 -999 -999 -999 -999 -999 -999 -999 -999 -999 -999 0.46 0.44 0.43 0.43 0.44 0.46 0.47 0.49 0.49 0.50 0.50 0.50 0.51 0.51 -999 -999 -999 -999 -999 -999 -999 -999 -999 -999 -999 -999 -999 -999 -999 -999 -999 -999 -999 -999 -999 -999 -999 -999 -999
-999 -999 -999 -999 -999 -999 -999 -999 -999 -999 -999 -999 -999 -999 -999 -999 -999 -999 -999 -999 -999 -999 0.17 0.17 0.18 0.19 0.20 -999 -999 -999 -999 -999 -999 0.56 0.58 0.57 0.54 0.50 0.47 0.44 0.43 0.43 0.44 0.45 0.47 0.49 0.50 0.50 0.49 0.49 0.48 -999 -999 -999 -999 -999 -999 -999 -999 -999 -999 -999 -999 -999 -999 -999 -999 -999 -999 -999 -999 -999 -999 -999 -999 -999 -999
-999 -999 -999 -999 -999 -999 -999 -999 -999 -999 -999 -999 -999 -999 -999 -999 -999 -999 -999 -999 0.15 0.16 0.16 0.16 0.16 0.18 -999 -999 -999 -999 -999 0.44 0.51 0.57 0.59 0.59 0.55 0.51 0.46 0.44 0.42 0.42 0.43 0.44 0.46 0.48 0.49 0.49 0.48 0.47 0.46 0.45 -999 -999 -999 -999 -999 -999 -999 -999 -999 -999 -999 -999 -999 -999 -999 -999 -999 -999 -999 -999 -999 -999 -999 -999 -999
-999 -999 -999 -999 -999 -999 -999 -999 -999 -999 -999 -999 -999 -999 -999 -999 -999 -999 -999 0.15 0.15 0.15 0.14 0.14 0.14 0.14 -999 -999 -999 0.27 0.33 0.41 0.49 0.55 0.58 0.58 0.54 0.49 0.45 0.42 0.41 0.40 0.41 0.43 0.44 0.46 0.47 0.47 0.47 0.45 0.44 0.43 0.42 0.40 0.39 -999 -999 -999 -999 -999 -999 -999 -999 -999 -999 -999 -999 -999 -999 -999 -999 -999 -999 -999 -999 -999 -999
-999 -999 -999 -999 -999 -999 -999 -999 -999 -999 -999 -999 -999 -999 -999 -999 -999 -999 -999 -999 0.14 0.13 0.13 0.12 0.12 0.12 -999 -999 0.16 0.21 0.28 0.36 0.44 0.51 0.54 0.53 0.50 0.46 0.43 0.40 0.39 0.38 0.39 0.40 0.42 0.44 0.44 0.45 0.44 0.43 0.42 0.40 0.39 0.39 0.38 0.37 0.36 -999 -999 -999 -999 -999 -999 -999 -999 -999 -999 -999 -999 -999 -999 -999 -999 -999 -999 -999 -999
-999 -999 -999 -999 -999 -999 -999 -999 -999 -999 -999 -999 -999 -999 -999 -999 -999 -999 -999 -999 0.13 0.12 0.12 0.11 0.10 -999 0.06 0.06 0.11 0.16 0.23 0.31 0.38 0.44 0.47 0.47 0.45 0.42 0.39 0.37 0.36 0.36 0.36 0.38 0.39 0.40 0.41 0.41 0.41 0.40 0.39 0.38 0.37 0.36 0.36 0.35 0.35 0.35 -999 -999 -999 -999 -999 -999 -999 -999 -999 -999 -999 -999 -999 -999 -999 -999 -999 -999 -999
-999 -999 -999 -999 -999 -999 -999 -999 -999 -999 -999 -999 0.18 0.18 0.18 0.18 0.17 0.16 0.15 0.13 0.12 0.12 0.10 0.09 0.07 0.05 0.04 0.03 0.06 0.11 0.17 0.25 0.31 0.36 0.39 0.40 0.39 0.37 0.35 0.33 0.33 0.33 0.33 0.35 0.36 0.37 0.38 0.38 0.38 0.37 0.36 0.35 0.35 0.34 0.34 0.34 0.34 0.34 0.33 0.33 -999 -999 -999 -999 -999 -999 -999 -999 -999 -999 -999 -999 -999 -999 -999 -999 -999
-999 -999 -999 -999 -999 -999 -999 -999 -999 -999 -999 -999 0.18 0.19 0.19 0.19 0.17 0.16 0.14 0.13 0.12 0.11 0.10 0.08 0.06 0.03 0.01 0.01 0.03 0.07 0.14 0.20 0.26 0.30 0.33 0.34 0.33 0.32 0.30 0.29 0.29 0.29 0.30 0.31 0.33 0.34 0.35 0.35 0.35 0.35 0.34 0.33 0.33 0.32 0.32 0.33 0.33 0.33 0.33 0.32 0.32 0.32 -999 -999 -999 -999 -999 -999 -999 -999 -999 -999 -999 -999 -999 -999 -999
-999 -999 -999 -999 -999 -999 -999 -999 -999 -999 -999 -999 0.18 0.19 0.20 0.19 0.17 0.15 0.14 0.12 0.11 0.10 0.09 0.07 0.05 0.03 0.01 0.00 0.02 0.06 0.12 0.18 0.22 0.26 0.28 0.29 0.28 0.27 0.25 0.24 0.24 0.25 0.26 0.28 0.30 0.31 0.32 0.33 0.33 0.33 0.32 0.31 0.31 0.31 0.31 0.31 0.32 0.32 0.32 0.32 0.31 0.31 0.31 0.31 0.31 0.31 0.31 0.31 0.31 0.31 -999 -999 -999 -999 -999 -999 -999
-999 -999 -999 -999 -999 -999 -999 -999 -999 -999 -999 -999 0.17 0.18 0.19 0.18 0.16 0.14 0.13 0.11 0.10 0.09 0.08 0.07 0.06 0.04 0.03 0.02 0.04 0.07 0.12 0.16 0.20 0.23 0.24 0.24 0.23 0.22 0.20 0.19 0.18 0.20 0.22 0.24 0.27 0.29 0.30 0.31 0.32 0.31 0.31 0.31 0.30 0.30 0.31 0.31 0.31 0.31 0.31 0.31 0.31 0.31 0.31 0.30 0.30 0.30 0.31 0.31 0.31 0.31 0.31 -999 -999 -999 -999 -999 -999
-999 -999 -999 -999 -999 -999 -999 -999 -999 -999 -999 -999 0.15 0.15 0.15 0.14 0.13 0.12 0.11 0.10 0.09 0.08 0.07 0.07 0.06 0.05 0.05 0.05 0.06 0.09 0.12 0.16 0.19 0.21 0.22 0.21 0.20 0.17 0.15 0.13 0.13 0.14 0.17 0.21 0.24 0.27 0.29 0.30 0.31 0.31 0.30 0.30 0.30 0.30 0.30 0.30 0.31 0.30 0.30 0.30 0.30 0.30 0.30 0.30 0.30 0.30 0.30 0.30 0.31 0.31 0.31 -999 -999 -999 -999 -999 -999
-999 -999 -999 -999 -999 -999 -999 -999 -999 -999 0.13 0.13 0.13 0.13 0.12 0.11 0.11 0.10 0.10 0.08 0.07 0.06 0.06 0.06 0.06 0.06 0.06 0.07 0.08 0.10 0.13 0.16 0.18 0.20 0.20 0.19 0.17 0.13 0.10 0.07 0.07 0.09 0.13 0.18 0.22 0.25 0.27 0.29 0.30 0.30 0.30 0.30 0.30 0.30 0.30 0.30 0.30 0.30 0.30 0.30 0.29 0.29 0.29 0.29 0.29 0.29 0.30 0.30 0.30 0.31 0.31 -999 -999 -999 -999 -999 -999
-999 -999 -999 -999 -999 -999 -999 -999 -999 -999 0.12 0.12 0.11 0.11 0.10 0.10 0.10 0.09 0.08 0.06 0.05 0.04 0.04 0.04 0.05 0.06 0.07 0.08 0.10 0.12 0.14 0.16 0.18 0.19 0.19 0.18 0.15 0.11 0.06 0.03 0.02 0.05 0.10 0.16 0.20 0.24 0.27 0.28 0.29 0.30 0.30 0.30 0.30 0.30 0.30 0.30 0.30 0.29 0.29 0.29 0.29 0.28 0.28 0.28 0.29 0.29 0.29 0.30 0.30 0.31 0.31 -999 -999 -999 -999 -999 -999
-999 -999 -999 -999 -999 -999 -999 -999 -999 -999 0.11 0.10 0.10 0.10 0.10 0.10 0.09 0.08 0.06 0.03 0.02 0.01 0.01 0.02 0.03 0.05 0.06 0.08 0.10 0.12 0.14 0.16 0.18 0.19 0.19 0.18 0.15 0.10 0.05 0.01 0.01 0.04 0.10 0.15 0.20 0.24 0.26 0.28 0.29 0.29 0.30 0.30 0.30 0.30 0.30 0.29 0.29 0.29 0.28 0.28 0.28 0.28 0.28 0.28 0.28 0.28 0.29 0.29 0.30 0.30 -999 -999 -999 -999 -999 -999 -999
-999 -999 -999 -999 -999 -999 -999 -999 -999 -999 0.10 0.09 0.09 0.09 0.08 0.08 0.07 0.05 0.02 -0.01 -0.03 -0.04 -0.03 -0.02 0.01 0.03 0.05 0.08 0.10 0.13 0.15 0.17 0.19 0.20 0.20 0.19 0.16 0.12 0.07 0.04 0.03 0.06 0.12 0.17 0.21 0.25 0.27 0.28 0.29 0.29 0.29 0.29 0.29 0.29 0.29 0.29 0.28 0.28 0.28 0.27 0.27 0.27 0.27 0.27 0.27 0.27 0.28 0.29 0.30 0.30 -999 -999 -999 -999 -999 -999 -999
-999 -999 -999 -999 -999 -999 -999 -999 -999 -999 0.09 0.08 0.07 0.07 0.06 0.05 0.03 -0.01 -0.05 -0.09 -0.11 -0.11 -0.09 -0.07 -0.03 0.00 0.04 0.07 0.10 0.13 0.15 0.18 0.20 0.21 0.21 0.21 0.19 0.16 0.12 0.10 0.10 0.12 0.16 0.20 0.24 0.26 0.28 0.29 0.29 0.29 0.29 0.29 0.29 0.28 0.28 0.28 0.27 0.27 0.27 0.26 0.26 0.26 0.26 0.26 0.26 0.27 0.27 0.28 0.29 0.30 -999 -999 -999 -999 -999 -999 -999
-999 -999 -999 -999 -999 -999 -999 -999 -999 -999 0.07 0.07 0.05 0.04 0.02 -0.00 -0.04 -0.09 -0.15 -0.19 -0.22 -0.21 -0.17 -0.13 -0.08 -0.03 0.02 0.06 0.09 0.13 0.16 0.18 0.21 0.23 0.24 0.24 0.24 0.22 0.20 0.18 0.18 0.20 0.23 0.26 0.28 0.29 0.29 0.30 0.29 0.29 0.29 0.28 0.28 0.28 0.27 0.27 0.26 0.26 0.26 0.25 0.25 0.25 0.24 0.24 0.25 0.26 0.27 0.28 0.29 0.30 -999 -999 -999 -999 -999 -999 -999
-999 -999 -999 -999 -999 -999 -999 -999 -999 -999 0.07 0.05 0.03 0.01 -0.02 -0.06 -0.12 -0.19 -0.27 -0.33 -0.35 -0.33 -0.27 -0.20 -0.13 -0.06 -0.01 0.04 0.09 0.13 0.16 0.20 0.23 0.25 0.27 0.29 0.30 0.30 0.29 0.29 0.29 0.30 0.31 0.32 0.32 0.32 0.32 0.31 0.30 0.29 0.28 0.28 0.27 0.27 0.26 0.26 0.25 0.25 0.25 0.24 0.24 0.23 0.23 0.23 0.24 0.25 0.26 0.27 0.29 0.31 -999 -999 -999 -999 -999 -999 -999
-999 -999 -999 -999 -999 -999 -999 -999 -999 -999 0.06 0.05 0.02 -0.01 -0.06 -0.12 -0.20 -0.30 -0.41 -0.49 -0.50 -0.46 -0.37 -0.27 -0.17 -0.09 -0.02 0.03 0.08 0.13 0.17 0.21 0.24 0.28 0.31 0.34 0.37 0.39 0.41 0.42 0.42 0.42 0.41 0.40 0.38 0.36 0.34 0.32 0.31 0.29 0.28 0.27 0.26 0.25 0.25 0.24 0.24 0.24 0.24 0.23 0.23 0.22 0.22 0.22 0.22 0.23 0.25 0.27 0.29 0.32 0.34 -999 -999 -999 -999 -999 -999
-999 -999 -999 -999 -999 -999 -999 -999 -999 0.08 0.07 0.04 0.01 -0.03 -0.08 -0.15 -0.25 -0.38 -0.51 -0.61 -0.63 -0.56 -0.44 -0.32 -0.21 -0.11 -0.04 0.03 0.08 0.13 0.18 0.22 0.27 0.31 0.35 0.40 0.45 0.49 0.53 0.56 0.57 0.56 0.52 0.48 0.44 0.40 0.37 0.34 0.31 0.29 0.27 0.26 0.25 0.24 0.23 0.23 0.23 0.23 0.23 0.22 0.22 0.22 0.21 0.21 0.21 0.23 0.25 0.27 0.30 0.33 0.35 -999 -999 -999 -999 -999 -999
-999 -999 -999 -999 -999 -999 -999 -999 -999 0.09 0.08 0.05 0.02 -0.03 -0.09 -0.17 -0.28 -0.41 -0.56 -0.67 -0.68 -0.61 -0.47 -0.34 -0.22 -0.12 -0.04 0.03 0.09 0.14 0.19 0.24 0.29 0.34 0.40 0.46 0.53 0.61 0.67 0.72 0.74 0.71 0.65 0.58 0.51 0.44 0.39 0.35 0.32 0.29 0.27 0.25 0.24 0.22 0.22 0.21 0.21 0.21 0.21 0.22 0.22 0.21 0.21 0.20 0.21 0.22 0.25 0.28 0.31 0.35 0.37 -999 -999 -999 -999 -999 -999
-999 -999 -999 -999 -999 -999 -999 -999 -999 0.11 0.09 0.07 0.03 -0.01 -0.07 -0.15 -0.25 -0.38 -0.51 -0.62 -0.63 -0.56 -0.44 -0.31 -0.20 -0.10 -0.03 0.04 0.10 0.15 0.20 0.25 0.31 0.37 0.44 0.52 0.61 0.71 0.81 0.88 0.90 0.85 0.76 0.66 0.56 0.48 0.41 0.36 0.32 0.28 0.25 0.23 0.22 0.20 0.20 0.19 0.19 0.20 0.20 0.21 0.21 0.21 0.21 0.20 0.21 0.23 0.26 0.30 0.34 0.38 0.40 -999 -999 -999 -999 -999 -999
-999 -999 -999 -999 -999 -999 -999 -999 -999 0.13 0.11 0.09 0.06 0.01 -0.04 -0.11 -0.19 -0.29 -0.40 -0.48 -0.49 -0.44 -0.34 -0.24 -0.15 -0.07 -0.01 0.05 0.11 0.16 0.21 0.26 0.32 0.39 0.47 0.56 0.67 0.79 0.92 1.01 1.03 0.97 0.86 0.73 0.60 0.50 0.42 0.36 0.31 0.27 0.24 0.21 0.19 0.18 0.17 0.17 0.17 0.18 0.19 0.20 0.21 0.21 0.21 0.21 0.22 0.24 0.28 0.33 0.38 0.42 0.46 0.50 -999 -999 -999 -999 -999
-999 -999 -999 -999 -999 -999 -999 -999 0.18 0.16 0.14 0.12 0.09 0.05 0.00 -0.05 -0.11 -0.18 -0.24 -0.29 -0.30 -0.27 -0.22 -0.15 -0.09 -0.03 0.02 0.07 0.12 0.17 0.22 0.28 0.33 0.40 0.48 0.58 0.70 0.83 0.96 1.06 1.11 1.03 0.90 0.75 0.62 0.51 0.42 0.35 0.29 0.25 0.21 0.19 0.16 0.15 0.14 0.14 0.14 0.15 0.17 0.18 0.20 0.21 0.22 0.23 0.25 0.28 0.33 0.38 0.44 0.49 0.52 0.54 0.55 0.54 0.54 -999 -999
-999 -999 -999 -999 -999 -999 -999 -999 0.20 0.19 0.18 0.16 0.13 0.09 0.05 0.02 -0.02 -0.05 -0.08 -0.10 -0.11 -0.10 -0.09 -0.06 -0.02 0.02 0.06 0.10 0.14 0.18 0.23 0.28 0.34 0.41 0.49 0.58 0.70 0.82 0.94 1.04 1.06 1.00 0.88 0.73 0.60 0.49 0.40 0.32 0.27 0.22 0.18 0.15 0.13 0.11 0.10 0.10 0.10 0.12 0.14 0.16 0.19 0.21 0.23 0.26 0.29 0.33 0.39 0.46 0.52 0.57 0.60 0.62 0.61 0.60 0.57 -999 -999
0.19 -999 -999 -999 -999 -999 -999 -999 0.23 0.23 0.21 0.19 0.16 0.13 0.10 0.08 0.07 0.06 0.06 0.07 0.06 0.04 0.03 0.03 0.04 0.06 0.09 0.12 0.16 0.19 0.24 0.28 0.34 0.40 0.48 0.56 0.66 0.77 0.87 0.94 0.95 0.90 0.80 0.67 0.55 0.45 0.36 0.29 0.24 0.19 0.15 0.11 0.08 0.06 0.05 0.04 0.05 0.07 0.10 0.13 0.17 0.20 0.24 0.28 0.33 0.39 0.46 0.55 0.62 0.68 0.70 0.70 0.68 0.66 -999 -999 -999
0.19 0.20 -999 -999 -999 -999 0.25 0.26 0.26 0.26 0.25 0.23 0.20 0.17 0.14 0.13 0.13 0.15 0.17 0.19 0.18 0.16 0.13 0.11 0.10 0.10 0.12 0.14 0.17 0.20 0.24 0.28 0.33 0.39 0.45 0.52 0.60 0.69 0.76 0.81 0.81 0.77 0.69 0.59 0.48 0.39 0.31 0.25 0.20 0.15 0.11 0.07 0.03 0.01 -0.02 -0.02 -0.01 0.01 0.04 0.09 0.14 0.19 0.24 0.30 0.36 0.45 0.54 0.65 0.73 0.79 0.81 0.79 0.76 0.72 -999 -999 -999
0.20 0.20 0.21 0.22 0.23 0.24 0.26 0.27 0.28 0.28 0.27 0.25 0.22 0.20 0.18 0.17 0.18 0.21 0.24 0.27 0.26 0.23 0.19 0.16 0.14 0.14 0.15 0.16 0.18 0.21 0.24 0.28 0.32 0.37 0.42 0.48 0.54 0.60 0.65 0.68 0.67 0.64 0.57 0.49 0.40 0.33 0.26 0.20 0.16 0.11 0.07 0.02 -0.02 -0.06 -0.09 -0.11 -0.10 -0.07 -0.02 0.03 0.10 0.16 0.23 0.31 0.39 0.50 0.62 0.74 0.84 0.89 0.90 0.87 0.82 0.78 -999 -999 -999
-999 -999 0.22 0.22 0.24 0.25 0.26 0.28 0.29 0.30 0.29 0.27 0.24 0.22 0.20 0.20 0.21 0.24 0.27 0.30 0.29 0.26 0.22 0.19 0.17 0.16 0.17 0.18 0.19 0.22 0.24 0.28 0.31 0.35 0.39 0.44 0.48 0.52 0.55 0.56 0.55 0.51 0.46 0.39 0.32 0.26 0.20 0.16 0.12 0.08 0.03 -0.02 -0.08 -0.14 -0.19 -0.21 -0.20 -0.16 -0.10 -0.03 0.05 0.13 0.22 0.31 0.41 0.53 0.67 0.80 0.91 0.97 0.97 0.93 0.86 0.81 -999 -999 -999
-999 -999 -999 -999 0.24 0.25 0.27 0.28 0.29 0.30 0.29 0.27 0.25 0.23 0.21 0.21 0.22 0.25 0.27 0.29 0.28 0.26 0.23 0.21 0.19 0.18 0.18 0.19 0.20 0.22 0.24 0.27 0.30 0.33 0.36 0.39 0.42 0.45 0.46 0.46 0.44 0.41 0.36 0.30 0.24 0.19 0.15 0.11 0.08 0.04 0.00 -0.06 -0.13 -0.22 -0.30 -0.35 -0.33 -0.28 -0.19 -0.09 0.00 0.10 0.19 0.30 0.41 0.55 0.69 0.83 0.93 0.99 0.99 0.95 0.88 0.82 -999 -999 -999
-999 -999 -999 -999 -999 -999 -999 0.28 0.29 0.29 0.28 0.27 0.25 0.23 0.22 0.22 0.23 0.24 0.26 0.27 0.27 0.25 0.23 0.21 0.20 0.20 0.19 0.20 0.21 0.22 0.24 0.26 0.28 0.31 0.33 0.35 0.37 0.39 0.39 0.38 0.36 0.32 0.28 0.23 0.17 0.13 0.09 0.07 0.05 0.02 -0.02 -0.08 -0.18 -0.31 -0.45 -0.52 -0.50 -0.40 -0.28 -0.16 -0.04 0.06 0.17 0.28 0.40 0.53 0.67 0.80 0.91 0.96 0.96 0.92 0.86 0.80 -999 -999 -999
-999 -999 -999 -999 -999 -999 -999 -999 -999 0.28 0.27 0.26 0.25 0.23 0.23 0.23 0.23 0.24 0.25 0.25 0.25 0.24 0.23 0.22 0.21 0.20 0.20 0.21 0.21 0.23 0.24 0.26 0.27 0.29 0.31 0.32 0.33 0.34 0.33 0.32 0.29 0.26 0.21 0.16 0.11 0.07 0.04 0.02 0.02 0.01 -0.01 -0.07 -0.18 -0.37 -0.61 -0.75 -0.68 -0.52 -0.35 -0.20 -0.08 0.04 0.14 0.25 0.37 0.50 0.63 0.75 0.84 0.89 0.90 0.87 0.82 0.77 0.72 -999 -999
-999 -999 -999 -999 -999 -999 -999 -999 -999 -999 -999 -999 0.24 0.24 0.23 0.23 0.24 0.24 0.25 0.25 0.25 0.24 0.23 0.22 0.22 0.21 0.21 0.21 0.22 0.23 0.24 0.25 0.26 0.27 0.28 0.29 0.30 0.30 0.29 0.27 0.24 0.21 0.16 0.11 0.06 0.02 -0.01 -0.02 -0.01 0.01 0.01 -0.01 -0.10 -0.32 -0.71 -1.01 -0.81 -0.57 -0.37 -0.21 -0.09 0.02 0.13 0.23 0.34 0.45 0.57 0.67 0.75 0.80 0.81 0.80 0.77 0.72 0.68 -999 -999
-999 -999 -999 -999 -999 -999 -999 -999 -999 -999 -999 -999 0.24 0.24 0.24 0.24 0.25 0.25 0.26 0.25 0.25 0.24 0.24 0.23 0.22 0.22 0.22 0.22 0.22 0.23 0.23 0.24 0.25 0.26 0.27 0.27 0.27 0.26 0.25 0.23 0.20 0.17 0.12 0.07 0.02 -0.03 -0.06 -0.07 -0.04 0.00 0.05 0.08 0.08 -0.02 -0.44 -0.81 -0.71 -0.50 -0.32 -0.18 -0.07 0.02 0.12 0.21 0.31 0.40 0.50 0.59 0.66 0.71 0.72 0.72 0.70 0.67 0.64 0.60 0.58
-999 -999 -999 -999 -999 -999 -999 -999 -999 -999 -999 -999 -999 0.24 0.25 0.25 0.26 0.27 0.27 0.27 0.26 0.25 0.25 0.24 0.23 0.22 0.22 0.22 0.22 0.23 0.23 0.24 0.24 0.25 0.25 0.25 0.25 0.24 0.23 0.21 0.18 0.14 0.10 0.05 0.00 -0.05 -0.09 -0.09 -0.06 0.01 0.09 0.17 0.29 0.38 0.15 -0.25 -0.36 -0.30 -0.20 -0.12 -0.04 0.04 0.12 0.19 0.28 0.36 0.44 0.51 0.58 0.62 0.64 0.65 0.64 0.62 0.59 0.57 0.57
-999 -999 -999 -999 -999 -999 -999 -999 -999 -999 -999 -999 -999 0.24 0.25 0.26 0.27 0.28 0.29 0.28 0.28 0.26 0.25 0.24 0.24 0.23 0.23 0.22 0.22 0.23 0.23 0.23 0.24 0.24 0.24 0.24 0.23 0.22 0.21 0.19 0.16 0.13 0.09 0.05 0.00 -0.04 -0.08 -0.08 -0.05 0.03 0.12 0.22 0.35 0.46 0.35 0.10 -0.05 -0.09 -0.07 -0.03 0.01 0.07 0.12 0.19 0.25 0.32 0.39 0.45 0.50 0.54 0.57 0.58 0.58 0.57 0.55 0.55 -999
-999 -999 -999 -999 -999 -999 -999 -999 -999 -999 -999 -999 -999 -999 -999 0.27 0.28 0.29 0.30 0.29 0.28 0.27 0.26 0.25 0.24 0.23 0.23 0.23 0.22 0.23 0.23 0.23 0.23 0.23 0.23 0.23 0.22 0.21 0.19 0.18 0.15 0.12 0.09 0.05 0.02 -0.02 -0.04 -0.04 -0.00 0.06 0.14 0.23 0.31 0.35 0.32 0.23 0.14 0.08 0.05 0.05 0.06 0.10 0.14 0.19 0.24 0.30 0.35 0.40 0.45 0.48 0.50 0.52 0.52 0.53 0.53 -999 -999
-999 -999 -999 -999 -999 -999 -999 -999 -999 -999 -999 -999 -999 -999 -999 0.28 0.29 0.29 0.30 0.30 0.29 0.28 0.26 0.25 0.24 0.24 0.23 0.23 0.23 0.22 0.22 0.22 0.22 0.22 0.22 0.22 0.21 0.20 0.19 0.17 0.15 0.12 0.10 0.07 0.04 0.02 0.01 0.01 0.04 0.10 0.16 0.23 0.28 0.33 0.35 0.33 0.26 0.18 0.13 0.11 0.11 0.12 0.15 0.19 0.23 0.28 0.32 0.36 0.40 0.43 0.46 0.48 0.49 -999 -999 -999 -999
-999 -999 -999 -999 -999 -999 -999 -999 -999 -999 -999 -999 -999 -999 -999 -999 0.28 0.29 0.29 0.29 0.28 0.27 0.26 0.25 0.24 0.24 0.23 0.23 0.22 0.22 0.22 0.22 0.22 0.22 -999 0.21 0.20 0.19 0.18 0.17 0.15 0.13 0.10 0.08 0.06 0.05 0.05 0.06 0.08 0.13 0.18 0.23 0.29 0.35 0.39 0.38 0.31 0.24 0.18 0.15 0.14 0.15 0.17 0.19 0.23 0.26 0.30 0.33 0.36 0.40 0.42 -999 -999 -999 -999 -999 -999
-999 -999 -999 -999 -999 -999 -999 -999 -999 -999 -999 -999 -999 -999 -999 -999 -999 0.29 0.29 0.28 0.28 0.27 0.26 0.25 0.24 0.24 0.23 0.23 0.22 0.22 0.22 -999 -999 -999 -999 -999 -999 -999 -999 -999 -999 -999 -999 -999 -999 0.07 0.08 0.09 0.11 0.15 0.19 0.23 0.28 0.33 0.36 0.36 0.31 0.26 0.21 0.18 0.17 0.17 0.18 0.20 0.22 0.25 0.28 0.31 0.34 -999 -999 -999 -999 -999 -999 -999 -999
-999 -999 -999 -999 -999 -999 -999 -999 -999 -999 -999 -999 -999 -999 -999 -999 -999 -999 0.28 0.28 0.27 0.26 0.26 0.25 0.24 0.24 0.23 0.23 0.22 0.22 -999 -999 -999 -999 -999 -999 -999 -999 -999 -999 -999 -999 -999 -999 -999 -999 0.11 0.12 0.14 0.16 0.19 0.23 0.27 0.30 0.32 0.31 0.29 0.25 0.22 0.20 0.18 0.18 0.19 0.20 0.21 -999 -999 -999 -999 -999 -999 -999 -999 -999 -999 -999 -999
-999 -999 -999 -999 -999 -999 -999 -999 -999 -999 -999 -999 -999 -999 -999 -999 -999 -999 -999 -999 -999 0.26 0.25 -999 -999 -999 -999 -999 0.22 -999 -999 -999 -999 -999 -999 -999 -999 -999 -999 -999 -999 -999 -999 -999 -999 -999 0.12 0.13 0.15 0.17 0.19 0.22 0.25 0.27 0.28 0.28 0.26 0.24 0.22 0.20 0.19 0.19 0.20 0.21 -999 -999 -999 -999 -999 -999 -999 -999 -999 -999 -999 -999 -999
-999 -999 -999 -999 -999 -999 -999 -999 -999 -999 -999 -999 -999 -999 -999 -999 -999 -999 -999 -999 -999 -999 -999 -999 -999 -999 -999 -999 -999 -999 -999 -999 -999 -999 -999 -999 -999 -999 -999 -999 -999 -999 -999 -999 -999 -999 -999 -999 0.16 0.17 0.19 0.21 0.23 0.24 0.25 0.25 0.24 0.23 0.22 0.21 0.20 0.20 0.20 0.21 -999 -999 -999 -999 -999 -999 -999 -999 -999 -999 -999 -999 -999
-999 -999 -999 -999 -999 -999 -999 -999 -999 -999 -999 -999 -999 -999 -999 -999 -999 -999 -999 -999 -999 -999 -999 -999 -999 -999 -999 -999 -999 -999 -999 -999 -999 -999 -999 -999 -999 -999 -999 -999 -999 -999 -999 -999 -999 -999 -999 -999 -999 -999 -999 -999 0.23 0.23 0.23 0.23 0.23 0.22 0.21 0.21 0.20 0.20 0.21 0.21 -999 -999 -999 -999 -999 -999 -999 -999 -999 -999 -999 -999 -999
-999 -999 -999 -999 -999 -999 -999 -999 -999 -999 -999 -999 -999 -999 -999 -999 -999 -999 -999 -999 -999 -999 -999 -999 -999 -999 -999 -999 -999 -999 -999 -999 -999 -999 -999 -999 -999 -999 -999 -999 -999 -999 -999 -999 -999 -999 -999 -999 -999 -999 -999 -999 -999 0.22 0.22 0.22 0.22 0.22 0.21 0.21 0.21 0.21 0.21 -999 -999 -999 -999 -999 -999 -999 -999 -999 -999 -999 -999 -999 -999
